     129.8164     315.2185       0.0000
      98.8067     127.8180       0.0000
     194.4434     220.0447       1.0000
     190.6576     207.3677       1.0000
     149.0443     413.3156       1.0000
     187.7892     400.7218       1.0000
     186.8574     211.4415       1.0000
      75.8314     143.1175       0.0000
      73.8505      89.4331       0.0000
     185.0621     249.7038       1.0000
     221.0938     233.8910       1.0000
     108.7113      80.4492       0.0000
     181.8031     284.0791       1.0000
     204.0571     222.1092       1.0000
     103.3909      87.5561       0.0000
     145.6675     437.5103       1.0000
      93.6662      83.3172       0.0000
     156.9154     248.1942       1.0000
     108.8546     184.9702       0.0000
     128.7841     109.4578       0.0000
     118.1254     280.6566       0.0000
     193.6353     295.2035       1.0000
     193.2850     156.7949       1.0000
     218.2391     156.1317       1.0000
     191.3973     265.8712       1.0000
      93.4838      93.3286       0.0000
     191.9685     335.4631       1.0000
      81.1282     141.5254       0.0000
      89.4233     156.3856       0.0000
      96.9239     -28.7605       0.0000
     123.5037     364.1717       1.0000
     178.3926     339.1899       1.0000
     137.9230     349.4423       1.0000
     179.8988     237.1913       1.0000
     219.4098     246.4931       1.0000
     186.9642     265.9049       1.0000
     145.7858     298.5759       1.0000
     202.7383     208.7487       1.0000
      77.4842     132.5129       0.0000
     164.7869     264.8680       1.0000
     123.8308     158.0741       0.0000
      93.4934      32.6050       0.0000
      83.5018      56.8646       0.0000
     194.4022      33.6374       1.0000
      60.3664      -2.1096       0.0000
      68.5614      83.7618       0.0000
      93.9600      50.3694       0.0000
      79.4244      89.1272       0.0000
     141.8247     385.3504       1.0000
     164.9667     300.5589       1.0000
     201.8919     238.6665       1.0000
      92.5352     191.4598       0.0000
     105.2581     211.7081       0.0000
      85.4825     135.7937       0.0000
     191.0344     209.8742       1.0000
     260.4531      60.4207       1.0000
     178.4684     256.7108       1.0000
     193.9506     193.3945       1.0000
     139.9902     243.6701       1.0000
     153.3783     318.8016       1.0000
     127.3860     218.5577       0.0000
     125.0213     222.3665       0.0000
     227.1701     268.2774       1.0000
     148.4363     331.2462       1.0000
     130.9202     172.3697       0.0000
     279.1998      65.9321       1.0000
     147.1415     205.0176       1.0000
     107.8011      19.0975       0.0000
     113.3398     117.4121       0.0000
     120.8870     194.9424       0.0000
     140.8633     336.0434       0.0000
     100.9220     271.4220       0.0000
     104.6224      70.6804       0.0000
     123.6400     342.7269       1.0000
     197.2833     200.1872       1.0000
     231.3689     211.6579       1.0000
      81.6855     133.9914       0.0000
     127.5582     104.4319       0.0000
     136.4310     364.2013       1.0000
     222.2499     170.5254       1.0000
     187.6588     222.0042       1.0000
     159.3909     272.9057       1.0000
     142.3210     344.9874       1.0000
     201.1885     224.4689       1.0000
     121.1750     114.7483       0.0000
      89.2342     -14.8729       0.0000
     126.2828     346.2915       1.0000
     105.2821     147.2781       0.0000
     109.9169     345.9979       1.0000
      86.9716     128.0327       0.0000
     132.7567     336.8447       1.0000
     180.0028     268.9780       1.0000
     124.0569     525.6240       1.0000
     102.9800      17.1073       0.0000
     172.8237     382.2273       1.0000
     204.4068     290.6794       1.0000
     230.4740     198.0121       1.0000
     111.2929     170.0738       0.0000
     240.3762     128.8166       1.0000
     237.6274     177.0065       1.0000
     205.3006     140.1821       1.0000
     141.1032     309.4302       1.0000
     157.2037     215.8349       1.0000
      27.3170     428.7125       1.0000
     168.7916     278.0017       1.0000
     143.4440     368.6805       1.0000
     196.8859     191.1154       1.0000
     159.5743     227.6488       1.0000
     278.8850     105.5214       1.0000
     184.4681     231.0417       1.0000
      89.9178     104.5843       0.0000
      88.8033      84.9244       0.0000
     177.0053     226.8654       1.0000
      96.3192     411.0765       1.0000
     222.7530      86.5349       1.0000
     151.1267     446.3210       1.0000
     120.5566     171.3213       0.0000
     207.3791     164.3755       1.0000
     136.9018     150.7579       0.0000
     235.3087     120.0353       1.0000
     268.0542     244.9546       1.0000
     134.0996     329.8513       1.0000
     210.5890     240.2123       1.0000
      84.3478     144.6652       0.0000
     176.8791     334.8309       1.0000
     199.3437     238.4268       1.0000
     141.5035     244.3036       1.0000
     124.0739     342.0782       1.0000
     199.1684     218.7347       1.0000
     143.5076     350.1694       1.0000
     235.3205      82.3770       1.0000
     164.7556     300.1883       1.0000
     164.9617     354.6004       1.0000
     221.4468     127.1935       1.0000
     141.1516     371.5116       1.0000
     161.7062     199.6533       1.0000
      60.5467      54.6636       0.0000
      97.4447     134.8897       0.0000
     217.3481     175.6353       1.0000
      74.4911      52.1340       0.0000
     158.9313     377.8309       1.0000
     201.4882     231.9635       1.0000
     215.0951      81.7608       1.0000
     122.6094     251.3598       1.0000
     117.2773     161.4462       0.0000
     138.8600     272.2548       1.0000
      86.8499      88.6256       0.0000
     131.2639     386.5114       1.0000
     144.4462     196.8441       1.0000
     186.0532     266.4420       1.0000
     126.3476     255.0437       1.0000
      87.2593      99.5757       0.0000
     105.5563     214.1541       0.0000
      94.8558      90.3773       0.0000
     106.0099      60.7938       0.0000
     127.8645     281.8246       1.0000
     187.7664     428.0166       1.0000
     110.9106     433.6631       1.0000
     290.3525     267.0935       1.0000
     252.7016     152.3332       1.0000
      66.2014     138.4184       0.0000
     109.3230     138.7470       0.0000
     206.7502     222.7118       1.0000
     115.7028      58.9266       0.0000
      76.1505      64.1316       0.0000
     131.9876     342.6755       1.0000
     200.7522     230.0326       1.0000
     139.6446     377.7293       1.0000
     216.8025     206.5689       1.0000
     128.8268     183.8301       0.0000
     266.5081     196.7707       1.0000
     238.4794     222.8451       1.0000
     114.1480     118.6792       0.0000
     108.8917     171.1493       0.0000
      99.4197     387.6560       1.0000
     178.3970     266.9060       1.0000
     191.8648     230.2904       1.0000
     133.4903     403.9619       1.0000
     186.4504     283.3483       1.0000
     167.7746     320.2725       1.0000
     214.3702     188.5160       1.0000
     109.5415     169.3840       0.0000
     154.0373     401.6629       1.0000
      77.3091      60.0944       0.0000
     210.1629     217.2787       1.0000
     179.8006     315.0492       1.0000
     161.9470     271.4529       1.0000
     149.3657     432.7048       1.0000
     112.4407      85.1730       0.0000
     234.1398     276.4456       1.0000
     155.2498     295.9746       1.0000
     203.0386     207.6378       1.0000
     213.9136     325.5114       1.0000
      87.2528     182.9430       0.0000
     112.1424     105.4181       0.0000
     253.2000     113.5936       1.0000
     122.8289     213.5026       0.0000
     144.2814     294.8231       1.0000
     233.4332     187.1167       1.0000
     159.8585     398.2214       1.0000
     109.5603     159.3446       0.0000
     234.6789      53.3254       1.0000
      81.7446      36.9205       0.0000
     215.7846     215.3140       1.0000
     224.8175     157.9803       1.0000
     151.5037     281.8331       1.0000
     209.7431     139.6420       1.0000
     171.7678     346.6605       1.0000
      90.0712     420.4239       1.0000
     131.8435     265.4805       1.0000
     199.1976     262.3546       1.0000
     261.2359      73.1341       1.0000
     251.3092      62.1056       1.0000
     130.0650     431.2709       1.0000
     149.8976     358.8865       1.0000
      78.7659     105.8610       0.0000
     237.2768     126.5413       1.0000
      75.7501     -16.8199       0.0000
     116.0559      65.3141       0.0000
     120.2889     275.3575       1.0000
     126.9288     304.0419       1.0000
     127.5713     338.7854       1.0000
     211.5875     247.2647       1.0000
     160.6893     297.5868       1.0000
     120.9417     164.9402       0.0000
     206.2794     231.6242       1.0000
     222.9607     176.0290       1.0000
     183.3240     178.5997       1.0000
     213.3699     176.2613       1.0000
      89.7152     107.9074       0.0000
     210.7724     332.2148       1.0000
     111.9079     230.5600       0.0000
     127.2317     267.6811       1.0000
     268.7866      99.4415       1.0000
     195.7204     234.4301       1.0000
      81.6950      67.6912       0.0000
     243.3724     180.5130       1.0000
     202.1608     270.0893       1.0000
     163.4967     273.8650       1.0000
     172.4780     265.4333       1.0000
     143.5916     254.2652       1.0000
      71.5160      73.6120       0.0000
     149.1141     306.7597       1.0000
     205.5341     294.5951       1.0000
     152.9227     247.6785       1.0000
     217.5915      67.6050       1.0000
     200.9970     190.1868       1.0000
      71.7286     118.4988       0.0000
      71.6007      51.5656       0.0000
     145.7845     299.2231       1.0000
     128.7431     388.6955       1.0000
     179.9043     265.6379       1.0000
     194.1232     212.9188       1.0000
     232.7017     200.6081       1.0000
     214.6510     130.4446       1.0000
     166.9814     310.8806       1.0000
     142.6631     322.3977       1.0000
     202.1487     160.4953       1.0000
     220.5304     213.2786       1.0000
      53.0484     104.6742       0.0000
     169.2733     280.0827       1.0000
     203.7753     256.2308       1.0000
     152.0231     305.7471       1.0000
     179.7533     300.2481       1.0000
      75.4884      98.4729       0.0000
     261.8533     118.1582       1.0000
     220.6497     154.7312       1.0000
     218.9093     217.2931       1.0000
      77.6631      20.8821       0.0000
     234.0614     192.3247       1.0000
      98.0641      72.8559       0.0000
     200.0408     293.8940       1.0000
     168.9079     283.0302       1.0000
     204.0919     288.9660       1.0000
     177.7234     304.9954       1.0000
      93.8482      21.3674       0.0000
     188.2126     233.7672       1.0000
     223.0219     214.5574       1.0000
     163.7297     353.2007       1.0000
     220.0850     264.4759       1.0000
     219.0151     235.3885       1.0000
     136.9642     203.9536       0.0000
     185.4080     146.5741       1.0000
     209.6855     145.7930       1.0000
     143.7370     331.7526       1.0000
     142.7894     269.6107       1.0000
     111.7340     346.7884       1.0000
     138.2930     364.1715       1.0000
     217.5349     173.3092       1.0000
     100.3660     244.5980       0.0000
     127.4288     231.2403       1.0000
     215.2255     277.0034       1.0000
      99.6376     161.0316       0.0000
     203.2718     140.2930       1.0000
     144.0757     360.1417       1.0000
     222.6525     141.2158       1.0000
     166.9038     199.5922       1.0000
     282.7146      65.7453       1.0000
     170.2937     329.5351       1.0000
     261.6341      75.4883       1.0000
      95.4755     173.3200       0.0000
      81.7394      55.9331       0.0000
      90.8669     118.5849       0.0000
     112.6501     418.9801       1.0000
     143.4058     203.4488       0.0000
     184.3710     257.2231       1.0000
     176.6256     285.7598       1.0000
     181.1444     242.7291       1.0000
     147.0461     232.3432       1.0000
     150.9283     313.8724       1.0000
     114.3803     181.9006       0.0000
     178.3855     378.6765       1.0000
     167.0821     295.0763       1.0000
     234.2228     221.4423       1.0000
     107.6270     147.1201       0.0000
     183.0030     310.4366       1.0000
      93.0794      89.4981       0.0000
     153.1818     313.7302       1.0000
     196.5589     220.7459       1.0000
     184.1548     305.3880       1.0000
     241.7156     208.9924       1.0000
     152.9858     246.0519       1.0000
     111.6287     128.4750       0.0000
      86.0997     140.1799       0.0000
     153.4300     343.4903       1.0000
     187.9031     283.1544       1.0000
      97.3212     -10.5016       0.0000
     142.3123     377.7777       1.0000
     127.2004     254.5455       1.0000
      94.9592     122.3705       0.0000
     143.2258     316.2336       1.0000
     147.1158     328.0836       1.0000
     104.1418     183.7437       0.0000
      93.4313     121.7905       0.0000
     103.4138     165.7077       0.0000
     248.3488     113.8113       1.0000
     168.5777     283.5983       1.0000
     210.1901     175.0568       1.0000
     125.6488     227.6260       0.0000
     107.0168      31.9260       0.0000
     200.1495     186.5484       1.0000
     285.7343     112.1343       1.0000
     183.3151     298.2401       1.0000
     145.7370     327.3339       1.0000
     174.6285     321.4127       1.0000
     210.9767     152.9054       1.0000
     125.2970     418.5586       1.0000
     215.4897     173.3349       1.0000
     195.6836     383.1709       1.0000
     149.5282     219.3921       0.0000
     156.0304     292.7883       1.0000
      73.1409      37.3898       0.0000
     111.9436     330.4400       0.0000
     216.1071     273.1683       1.0000
     183.4890     321.2753       1.0000
     180.4319     306.5204       1.0000
      80.3401      57.3405       0.0000
     190.4694     273.2085       1.0000
     216.8211     185.2779       1.0000
     248.8661     192.1642       1.0000
     120.9831     361.6001       1.0000
     218.0754     250.0890       1.0000
     149.5197     344.6958       1.0000
     179.5063     240.1067       1.0000
      88.3187      92.9702       0.0000
     120.9937     251.8755       0.0000
     157.5885     265.7280       1.0000
     183.1200     247.6926       1.0000
     128.5175     223.8796       1.0000
      96.6193     179.6585       0.0000
      82.8001     116.7528       0.0000
      79.1724     112.1941       0.0000
     132.3087     175.3517       0.0000
     147.3283     356.7352       1.0000
      80.8275     148.2316       0.0000
      90.0543     267.3256       0.0000
     168.6638     202.4097       1.0000
     188.9884     259.9516       1.0000
     114.7389     182.0912       0.0000
     112.6403     356.8205       1.0000
     163.8281     235.2211       1.0000
     210.9013     290.5136       1.0000
     134.0073      -7.0087       0.0000
     256.7851     132.9852       1.0000
     177.5320     282.0691       1.0000
     222.0842     255.0885       1.0000
      68.5014      15.1234       0.0000
     109.3994      90.2481       0.0000
     108.6113     354.3428       1.0000
     131.6831     286.8036       1.0000
     116.0775     403.8229       1.0000
     121.7833     227.0446       0.0000
     108.9895     142.3470       0.0000
     143.5745     280.6082       1.0000
     116.2671     229.8970       0.0000
      84.6172     -91.3113       0.0000
     251.1358      -5.6061       1.0000
     181.1792     263.5996       1.0000
     104.5351     341.5053       1.0000
     101.0322     166.4613       0.0000
     200.8548     143.8377       1.0000
     158.4849     310.9656       1.0000
      98.4859     136.2218       0.0000
      91.1490     -19.9761       0.0000
     145.8206     234.6733       1.0000
     243.4483     322.9417       1.0000
     137.5060     273.6778       1.0000
      89.3355      55.3095       0.0000
     130.9011     293.5308       1.0000
     192.1166     103.0795       1.0000
     214.7377     231.3103       1.0000
     113.6788     446.6480       1.0000
     185.9385     292.8789       1.0000
     180.4805     253.8438       1.0000
     150.1139     352.4559       1.0000
      86.8323     375.8484       1.0000
     102.9142     145.5769       0.0000
     209.7045     261.2992       1.0000
     180.8979     254.2234       1.0000
     207.1587     217.5204       1.0000
      97.8485     268.1027       1.0000
      97.1663     148.7156       0.0000
     220.9411     228.0893       1.0000
     109.3055     185.7924       0.0000
     121.1051     212.4480       0.0000
     106.1186     130.4178       0.0000
     164.0964     271.7305       1.0000
     137.8665     418.1739       1.0000
     235.9144     127.3120       1.0000
     206.7537     332.0553       1.0000
     212.8624     239.0848       1.0000
     160.7350     308.4070       1.0000
     120.2911      88.1034       0.0000
     232.6181      58.6195       1.0000
     102.3666       5.1674       0.0000
     164.7016     358.2209       1.0000
     163.2880     393.0910       0.0000
      89.4183      99.9501       0.0000
     227.9301     157.9093       1.0000
     209.6855     273.8293       1.0000
     128.8655     383.7202       1.0000
     171.7985     334.6259       1.0000
     100.5158     123.6321       0.0000
     104.0786     355.6828       1.0000
     153.5147     294.9426       1.0000
     187.6612     113.5131       1.0000
     120.0495     398.0892       1.0000
     108.3768     172.1460       0.0000
     171.8858     226.1738       1.0000
     113.2240      93.8581       0.0000
     117.7559     172.5863       0.0000
     188.5466     267.6651       1.0000
     104.1887     159.9738       0.0000
     243.4293     127.3010       1.0000
     221.3903     214.2847       1.0000
     163.8058     322.8909       1.0000
      78.4579      48.3476       0.0000
     103.8826      33.4198       0.0000
     184.5066     296.1542       1.0000
     172.4255     277.6835       1.0000
     154.9618     350.3146       1.0000
     177.9208     250.0116       1.0000
     107.5203     467.1285       1.0000
     131.9352     276.3705       0.0000
     155.7218     406.4611       1.0000
     103.7104      93.1210       0.0000
     133.4450     216.6938       0.0000
     156.5764     212.4659       1.0000
     151.9210     341.2868       1.0000
     167.6789     215.3756       1.0000
     209.4728     156.2338       1.0000
     178.5701     235.3124       1.0000
     172.7556     184.2188       1.0000
     213.7243     245.1053       1.0000
     169.0379     326.3904       1.0000
     188.6662     235.0224       1.0000
      83.6909      88.3220       0.0000
     127.8996     221.6027       0.0000
     232.2012     134.6354       1.0000
      62.7779     110.5558       0.0000
     104.2429     110.8640       0.0000
     203.2469     213.3607       1.0000
     104.8485     191.6430       0.0000
     242.2238       7.4697       1.0000
     182.6363     233.6434       1.0000
     140.8641     216.3036       0.0000
     108.7095     171.7655       0.0000
     128.9144     215.9645       0.0000
     107.1238     124.3653       0.0000
     113.3236      96.4641       0.0000
     153.8287     273.4320       1.0000
     190.2615     186.4186       1.0000
     132.2956     172.3336       0.0000
      78.1023     130.7688       0.0000
     196.2532     261.1771       1.0000
     124.2917     379.1961       1.0000
     212.7540     250.1923       1.0000
      93.5756      82.4485       0.0000
     127.4429     274.0833       0.0000
     120.2858     259.8416       1.0000
     136.1470     323.9100       1.0000
     160.0866     291.1020       1.0000
     135.1071     335.4903       1.0000
      91.4777     172.6401       0.0000
     112.7192     166.6248       0.0000
     220.3474     232.4489       1.0000
      80.8390      75.4159       0.0000
     111.0414     178.8796       0.0000
     103.6552     412.3108       1.0000
     138.2168     202.7264       0.0000
     106.1748     192.0531       0.0000
     222.9370     223.5793       1.0000
     195.9086     129.5692       1.0000
      94.9397     149.0892       0.0000
      82.3603     167.3198       0.0000
     176.7435     267.4390       1.0000
     260.4371     238.4828       1.0000
     129.9322     134.8219       0.0000
     223.6682     242.6189       1.0000
     194.6823     247.9472       1.0000
      63.7083     170.1331       0.0000
     127.0704     316.5363       1.0000
     102.4069     155.3349       0.0000
     105.6389      77.7966       0.0000
     112.5616     117.6824       0.0000
     108.7290      71.8252       0.0000
      99.8350     443.6686       1.0000
      64.5732     -40.4611       0.0000
      89.6320      27.6203       0.0000
      78.9784     188.0841       0.0000
      93.1411     113.7074       0.0000
     186.2995     276.1866       1.0000
      85.0289      19.7385       0.0000
     150.2437     348.9560       1.0000
      86.7728     202.3569       0.0000
     164.9626     153.5759       1.0000
      86.7337     123.8866       0.0000
     229.4792     113.5718       1.0000
     208.4725     280.4933       1.0000
     115.4848     183.3582       0.0000
     139.0513     355.7797       1.0000
     200.0788     308.7944       1.0000
     185.5412     196.4176       1.0000
     101.3071      76.6130       0.0000
      90.2062     189.0017       0.0000
      87.1610     178.5942       0.0000
     192.7069     386.7252       1.0000
     201.8454     221.7365       1.0000
     169.2270     332.3569       1.0000
     146.4008     353.1813       1.0000
     131.6739     196.3779       0.0000
     221.5199     201.5417       1.0000
     189.0916     192.5812       1.0000
     119.9429     105.5551       0.0000
     199.9866     158.2886       1.0000
     210.8655     255.8712       1.0000
      85.3151      98.0528       0.0000
     183.9124     288.5152       1.0000
     242.7338     172.7547       1.0000
     209.1162     190.7988       1.0000
     209.1062     324.9831       1.0000
     179.8085     321.8632       1.0000
     242.1054     171.3767       1.0000
      99.9843      65.8525       0.0000
     168.1168     163.4097       1.0000
     158.0530     260.0444       1.0000
     167.5364     309.4505       1.0000
     202.8850     223.3615       1.0000
     210.4955     131.9964       1.0000
     185.6106     283.3010       1.0000
     158.2769     192.6964       1.0000
     187.0409     325.0666       1.0000
     220.8637     254.5329       1.0000
     185.0946     269.0728       1.0000
     179.4616     263.9604       1.0000
     116.9316     471.6700       1.0000
      90.3696     155.7984       0.0000
     183.9663     315.7487       1.0000
     194.3438     146.1629       1.0000
      73.4066     121.7452       0.0000
     185.8481     384.0316       1.0000
      82.8308     143.8932       0.0000
     167.3752     307.5745       1.0000
     111.0987     419.9338       1.0000
     137.8421     339.5119       1.0000
     178.3500     346.5520       1.0000
     140.4770     295.8810       1.0000
     217.2272     130.9563       1.0000
     121.9868      69.8426       0.0000
     112.0299     235.2868       0.0000
     198.7682     212.0897       1.0000
     121.6658     119.9724       0.0000
      85.6044     147.9239       0.0000
     213.6544     208.4503       1.0000
     139.2526      85.7630       0.0000
     180.5322     231.2709       1.0000
     214.0863     197.9400       1.0000
     197.4639     253.9534       1.0000
     110.0598     220.7409       0.0000
     112.8892     137.1057       0.0000
     109.8397      96.2465       0.0000
     202.2326     202.0560       1.0000
     126.3920     382.7167       1.0000
      85.8415     145.7010       0.0000
     146.5824     342.7957       1.0000
     101.7204     100.4662       0.0000
     198.9076     148.6228       1.0000
      76.1128     188.9846       0.0000
     100.0232     227.8071       0.0000
     152.0426     261.3427       1.0000
     198.0980     219.0982       1.0000
     242.8762     135.1914       1.0000
     188.4636     183.2782       1.0000
     164.1344     142.3321       1.0000
     187.9117     165.3531       1.0000
     222.5365     114.3821       1.0000
     133.3135     294.5849       1.0000
     210.8592     277.0297       1.0000
     193.8974     283.1940       1.0000
     221.5542     190.9670       1.0000
     229.2089     211.9175       1.0000
     203.9665     293.6773       1.0000
     249.4973     284.4566       1.0000
     185.4210     258.5925       1.0000
     219.0089     128.8735       1.0000
     144.8318     274.0032       1.0000
     100.6530      97.5439       0.0000
      73.9990      75.4827       0.0000
      55.6512     -24.7774       0.0000
     184.7100     220.0133       1.0000
     163.9759     266.5036       1.0000
     227.3774     226.2010       1.0000
     244.4776     228.0489       1.0000
     179.8364     257.2124       1.0000
     198.8449     249.7923       1.0000
      91.8288     128.4094       0.0000
     136.6978     517.5555       1.0000
     137.7763     258.3894       1.0000
     215.4961     211.6970       1.0000
      50.4360      14.7932       0.0000
     115.6983      95.9196       0.0000
      78.2438     113.7217       0.0000
     225.2282     259.2938       1.0000
     177.0526     203.9534       1.0000
     126.9815     197.1546       0.0000
      73.8446      85.3975       0.0000
     128.4113     258.5012       0.0000
      70.2342     -43.0402       0.0000
     100.7078     112.8966       0.0000
     207.4440     266.1627       1.0000
     152.9389     294.6753       0.0000
     165.3833     362.6162       1.0000
     169.4542     325.1415       1.0000
     184.7227     206.0766       1.0000
     245.0139     130.8126       1.0000
     111.7374      91.3951       0.0000
     114.7397     125.9535       0.0000
     187.0353     199.8755       1.0000
     158.7820     219.1898       1.0000
     109.4587     300.6493       0.0000
     224.8026     158.1842       1.0000
     134.4304     440.5421       1.0000
     172.9479     324.3941       1.0000
     205.4710      92.2260       1.0000
     125.4833     401.5112       1.0000
     161.8618     324.6055       1.0000
     213.6151     211.7624       1.0000
     118.1967     203.8377       0.0000
      95.4125     147.2331       0.0000
     170.1553     336.1898       1.0000
     107.6011     411.9024       1.0000
     197.9857     187.6363       1.0000
      79.9671     115.8657       0.0000
     208.7291     145.2509       1.0000
      71.1590     133.5044       0.0000
     115.4893     118.1786       0.0000
     160.0732     290.3098       1.0000
     232.2986     288.1995       1.0000
     204.6699     291.1183       1.0000
     189.7715     284.0204       1.0000
     231.0340     275.6965       1.0000
     200.3767     276.4810       1.0000
      90.9528      96.6237       0.0000
      85.3810     100.9469       0.0000
     158.2277     196.6499       1.0000
     202.9318     185.4315       1.0000
     155.8800     333.2812       1.0000
     123.3310     149.6265       0.0000
     161.3950     369.2533       1.0000
     105.5549     115.7953       0.0000
     210.4239     291.3524       1.0000
     185.9634     209.6901       1.0000
     185.1885     198.5686       1.0000
     192.9805     203.8033       1.0000
      51.4263     462.0944       1.0000
     112.8858     382.8019       1.0000
      84.7764     154.9671       0.0000
     223.7991      80.3866       1.0000
     167.8787     237.3462       1.0000
      76.7845     446.2144       1.0000
     188.8625     267.1553       1.0000
     119.8345     182.7621       0.0000
     246.3385     201.0700       1.0000
     201.2999     227.2768       1.0000
     200.4085     244.6086       1.0000
     171.9271     161.3615       1.0000
     218.9609     312.0972       1.0000
     224.3644     160.4853       1.0000
     225.8083     138.4391       1.0000
     152.7378     308.5833       1.0000
     157.1189     287.7403       1.0000
     179.9264     195.2763       1.0000
     172.9044     324.2139       1.0000
      79.9952      55.9915       0.0000
     234.0147     204.3690       1.0000
     207.5721     152.8538       1.0000
      90.8415      97.0220       0.0000
     156.2985     356.1571       1.0000
      90.5867     418.5635       1.0000
     143.4394     337.2535       1.0000
     221.3765     227.7657       1.0000
     206.0501     216.5777       1.0000
     128.7651     337.5439       1.0000
     235.6767     219.0593       1.0000
     187.3866     236.1803       1.0000
     156.7285     213.8439       1.0000
      68.9839     108.3699       0.0000
     199.4386     229.3323       1.0000
      66.9253      54.0919       0.0000
     114.6864     413.9380       1.0000
     186.3675     270.2732       1.0000
     192.6868     226.1965       1.0000
     124.0513     267.5670       1.0000
     100.2569     128.6932       0.0000
     191.7744     142.5333       1.0000
      90.6899     164.1947       0.0000
     184.4277     175.7801       1.0000
      81.2074      61.0888       0.0000
      95.1428     196.5243       0.0000
     191.3257     205.5330       1.0000
     105.2689     298.5803       1.0000
     105.8928      97.5884       0.0000
     117.4939     263.0286       0.0000
     258.4532     226.0953       1.0000
     219.3214     243.5437       1.0000
     252.8676     225.0495       1.0000
      86.1861      95.7700       0.0000
     189.5115      87.8011       1.0000
     116.5674     390.5976       1.0000
     211.3558     173.5182       1.0000
     110.3660     203.4158       0.0000
     172.3592     256.7929       1.0000
     212.8633     116.2873       1.0000
     141.6895     267.3502       1.0000
     133.3917     296.8684       1.0000
     119.6884     162.3778       0.0000
     114.9483     116.6445       0.0000
     162.9159     244.1421       1.0000
     103.3486      57.4317       0.0000
     109.1737     131.2642       0.0000
     119.4719     267.3933       0.0000
     127.0612     357.6936       1.0000
     199.7526     222.8522       1.0000
     116.2955     116.7579       0.0000
      76.7100      75.3032       0.0000
     252.5386     197.8838       1.0000
     183.6895     218.6848       1.0000
     169.2139     462.2150       1.0000
     239.9074     146.8088       1.0000
     222.8240     202.6941       1.0000
     205.3033     202.3571       1.0000
     212.4949     240.1016       1.0000
     183.3037     147.9815       1.0000
     181.6011     223.4989       1.0000
     179.2060     248.9059       1.0000
     166.0536     255.2034       1.0000
      96.5770     125.3793       0.0000
      83.3737     161.0747       0.0000
      58.3402       7.8148       0.0000
     215.1969     291.5635       1.0000
     124.5121      81.6047       0.0000
     160.2328     315.7752       1.0000
     160.5839     272.9496       1.0000
     112.9065     379.8119       1.0000
     197.8102     273.8449       1.0000
     121.0973     287.7089       0.0000
     169.7683     224.9689       1.0000
     157.6952     173.2325       1.0000
     160.9332     339.5119       1.0000
      67.9313     118.2081       0.0000
     172.8829     290.3657       1.0000
     142.9802     375.8472       1.0000
     172.8810     157.1958       1.0000
      97.8624     113.9789       0.0000
     159.4976     312.4455       1.0000
      92.0500     384.3880       1.0000
     209.9283     277.3846       1.0000
     159.0259     306.9017       1.0000
     109.0745     122.4549       0.0000
     172.8722     247.1214       1.0000
     141.3625     224.2230       1.0000
      70.5620     102.8180       0.0000
     179.1437     356.1815       1.0000
     121.6486     349.2394       1.0000
     176.1342     277.2679       1.0000
      98.4828     202.2137       0.0000
      98.4500     155.1381       0.0000
     137.6250     317.3658       1.0000
      74.5225     107.4764       0.0000
     149.4115     283.2279       1.0000
     134.8845     337.4633       1.0000
     222.3137     237.5353       1.0000
      66.9344     157.5708       0.0000
     174.5727     267.0221       1.0000
      89.3427     137.1963       0.0000
     134.1903     272.6996       1.0000
     123.0948     402.5357       1.0000
     101.4655      42.9346       0.0000
     145.0016     346.9213       1.0000
     135.2327     274.8828       1.0000
     201.0264     222.8290       1.0000
     111.6514     139.3329       0.0000
     181.1814     271.7972       1.0000
     178.8282     312.8060       1.0000
     154.1622     360.7247       1.0000
     226.9398     199.0039       1.0000
     139.4281     446.9820       1.0000
     144.1844     398.0596       1.0000
     237.0556      91.4322       1.0000
      75.0157      91.5981       0.0000
      97.2414     128.5696       0.0000
     187.6002     194.2909       1.0000
     106.6593      86.4302       0.0000
     142.7439     366.0162       1.0000
     104.6577     366.2102       1.0000
      86.4084     317.1516       1.0000
     149.8520     372.2813       1.0000
      92.9591     365.5268       1.0000
     119.0870     114.1291       0.0000
     131.0049     283.9740       0.0000
      90.1795     109.1657       0.0000
     107.2367      96.5467       0.0000
     198.4311     170.1139       1.0000
     186.8995     227.1160       1.0000
     188.9194     230.9029       1.0000
      89.1768     220.7541       0.0000
     183.8973     181.2366       1.0000
     167.8390     261.8619       1.0000
     109.5405     181.1435       0.0000
     199.9147     249.8185       1.0000
     176.0523     291.8207       1.0000
      76.3487      81.6656       0.0000
     206.6931     238.3161       1.0000
     192.9128     261.5749       1.0000
     193.3449     189.9710       1.0000
      67.2543      23.6340       0.0000
     162.3488     282.5504       1.0000
     165.7330     315.7493       1.0000
     145.5349     296.5081       1.0000
     189.4026     299.5384       1.0000
     157.9455     371.5448       1.0000
     179.4859     286.4842       1.0000
     111.2834      84.4091       0.0000
     192.3363     161.7480       1.0000
     115.8199     105.7981       0.0000
      89.6950      96.5700       0.0000
     171.5703     242.8894       1.0000
     114.4194     336.2120       1.0000
     186.2808     280.6564       1.0000
     201.4990     390.2001       1.0000
     192.0170     245.7470       1.0000
     180.8963     228.0438       1.0000
     130.1810     333.6762       1.0000
      91.9829     125.6007       0.0000
     252.7179     178.2579       1.0000
     143.9456     321.9650       1.0000
      94.3899      74.7164       0.0000
     177.4614     308.0224       1.0000
     168.1490     315.8836       1.0000
     141.6352     346.2459       1.0000
      85.9598      94.9990       0.0000
     105.1266     145.9301       0.0000
     122.9642     172.5264       0.0000
     229.3957     182.7100       1.0000
     191.1408     163.8881       1.0000
     125.3002     331.3891       1.0000
     102.8089     134.9139       0.0000
     174.6431     269.6921       1.0000
      84.7793     -51.7082       0.0000
     141.2044     360.3498       1.0000
     103.8249     184.0971       0.0000
     234.8447     102.4637       1.0000
     172.0777     137.7069       1.0000
      73.7311     168.1514       0.0000
     213.9327     109.5162       1.0000
     285.5636     160.6064       1.0000
     142.1801     455.2618       1.0000
      92.1646     123.7559       0.0000
     171.8164     285.5798       1.0000
     101.6355     142.8341       0.0000
     101.9123     139.1965       0.0000
      75.2822      78.4799       0.0000
     218.1280     215.9382       1.0000
     207.6427     242.1725       1.0000
     130.5958     407.3033       1.0000
      98.9603     144.9881       0.0000
     179.8955     306.5201       1.0000
      90.8104     271.0269       0.0000
      80.2962     -31.9664       0.0000
     133.5909     279.2169       1.0000
     192.9655     241.7925       1.0000
      99.5370     143.5873       0.0000
     188.0597     170.2801       1.0000
     157.7165     315.1069       1.0000
     213.9249     188.5195       1.0000
     265.2606     174.0033       1.0000
     209.0602     207.2965       1.0000
     172.3348     160.8147       1.0000
      53.4562       4.4220       0.0000
     169.6706     153.2516       1.0000
     129.1860     319.1875       1.0000
     217.8716     312.0649       1.0000
     108.1027      29.9883       0.0000
     148.9046     378.9703       1.0000
     199.7734     230.2007       1.0000
     113.4376     363.0866       1.0000
      99.1450      74.0806       0.0000
     114.7132     134.1772       0.0000
     170.7761     301.7586       1.0000
     137.5574     112.2162       0.0000
     100.3937     161.1214       0.0000
     109.5724     148.5865       0.0000
     184.6233     254.2942       1.0000
     215.1431     106.3664       1.0000
     171.3258     245.9456       1.0000
     203.4318     279.7139       1.0000
     181.7627     301.0410       1.0000
     176.1374     191.5983       1.0000
     269.4823      13.9148       1.0000
     163.7670     208.9639       0.0000
      97.2507     140.4461       0.0000
     229.1005     122.1121       1.0000
     182.0753     335.4482       1.0000
     268.6709     -18.7280       1.0000
     190.8489     245.1867       1.0000
     102.3213     121.3468       0.0000
     160.7406     309.3627       1.0000
     216.2662     315.7244       1.0000
     101.5347     444.0338       1.0000
     142.6333     261.6135       0.0000
     197.4470     271.5746       1.0000
     209.2474     242.6048       1.0000
     201.5390     207.9289       1.0000
      78.7774     293.4043       0.0000
     313.2079     -27.2355       1.0000
     251.2409     231.1342       1.0000
     158.7636     292.0534       1.0000
      56.2018      53.4700       0.0000
     265.2654     184.8692       1.0000
     195.5748     331.1323       1.0000
     145.0996     392.7754       1.0000
     104.8729     250.0509       0.0000
     222.7810     213.4836       1.0000
     106.2845     131.7456       0.0000
     159.9689     262.3414       1.0000
      95.4940     143.7041       0.0000
     155.9129     276.6672       1.0000
     104.5199     107.0830       0.0000
     131.4721     273.5798       1.0000
     255.8974      69.5138       1.0000
     163.8282     240.1132       1.0000
     191.8950     242.8166       1.0000
     190.5926     324.6216       1.0000
     131.5716     101.3105       0.0000
     114.5795     148.4344       0.0000
     130.6719     291.4061       0.0000
     159.9453     317.0090       1.0000
     130.0728     153.7086       0.0000
     144.7839     271.9074       1.0000
     110.9697     103.7614       0.0000
     101.0784       4.5604       0.0000
      76.7543      64.8504       0.0000
     140.4594     312.9211       1.0000
     102.9896      45.7788       0.0000
      92.2894     165.8979       0.0000
     143.0316     369.9127       1.0000
     166.3239     380.8619       1.0000
     287.4249      17.5973       1.0000
      88.0953      68.8349       0.0000
     141.4505     247.3283       1.0000
     142.6028     183.7545       0.0000
     151.1192     262.8600       0.0000
     158.4650     318.3679       1.0000
      95.9373     138.7041       0.0000
     164.0615     375.9506       1.0000
     165.7236     130.2212       1.0000
     122.9235     139.0533       0.0000
     182.5632     305.2531       1.0000
     154.7181     221.9648       1.0000
     199.1951     220.0164       1.0000