      86.5020     -65.1761       0.0000
     247.4398     304.8923       1.0000
     109.3893      25.9610       0.0000
     255.6797     197.3180       1.0000
     218.9358      87.2826       1.0000
     135.7422      98.5112       0.0000
     252.2617     502.7969       2.0000
     224.8249     539.9170       2.0000
     113.2430     277.5103       0.0000
     210.2591     256.4394       1.0000
     126.0438     221.4556       0.0000
     293.2733     587.4057       2.0000
     203.3224     222.3157       1.0000
     148.4232     374.9702       1.0000
     120.9719     328.1901       1.0000
     235.5460     190.2625       1.0000
     239.6090      87.2554       1.0000
     153.8972     317.3199       1.0000
     273.7561     583.3802       2.0000
     103.0057     111.3381       0.0000
     178.2492     204.8140       1.0000
     146.0585     352.1261       1.0000
     191.7460     328.6433       1.0000
     282.2540     630.6528       2.0000
     257.2556     534.3770       2.0000
     239.4993     522.5996       2.0000
     255.0439     572.6445       2.0000
     116.4621     122.3136       0.0000
     192.4304     261.7245       1.0000
     281.7481     568.7274       2.0000
     215.3594     534.7613       2.0000
     247.0381     464.6435       2.0000
     121.9687      64.9490       0.0000
     106.2022     117.9944       0.0000
      90.6360      50.3432       0.0000
      86.2258     189.1421       0.0000
      79.9912      60.7018       0.0000
     138.3399     361.0302       1.0000
     239.5555     488.8617       2.0000
     252.9964     567.7480       2.0000
     118.9558     325.9786       1.0000
     140.5598     339.0102       1.0000
     107.1320     109.4411       0.0000
      93.3027      74.3599       0.0000
     241.2181     506.5873       2.0000
     265.3547     473.4821       2.0000
     309.0173     600.2308       2.0000
     204.2543     443.4795       2.0000
     307.6289     727.8116       2.0000
     139.7104      61.3035       0.0000
      86.0701     143.6762       0.0000
      88.5549      94.3559       0.0000
     105.2950     209.3177       0.0000
      90.1663     185.0945       0.0000
     176.6233     216.5258       1.0000
     267.5926     537.3442       2.0000
     317.1943     695.4160       2.0000
     223.0913     547.7843       2.0000
     113.9160      90.0938       0.0000
     272.9890     695.2051       2.0000
      87.0441     163.9800       0.0000
     289.7933     525.2702       2.0000
     217.2478     136.0723       1.0000
     255.2587     679.1293       2.0000
     176.7958     157.5576       1.0000
     175.1713     232.8024       1.0000
     115.5139     121.8848       0.0000
     165.1229     372.9976       2.0000
     172.5937     366.7165       1.0000
      84.1302      39.2269       0.0000
     175.2271     121.5332       1.0000
     311.0959     615.3870       2.0000
      98.9928     211.7980       0.0000
     132.8458     240.4588       0.0000
      88.4669      86.6778       0.0000
     219.0559     512.7438       2.0000
     111.6543     100.0778       0.0000
     288.4416     626.1459       2.0000
     150.3814     343.8637       1.0000
     261.3306     648.9920       2.0000
      93.9722     130.8560       0.0000
     145.7958     476.7280       1.0000
      89.3254     130.9195       0.0000
     214.6338     582.6415       2.0000
     139.6758     511.1216       1.0000
     150.2960     351.0187       1.0000
     187.4954     285.3521       1.0000
     126.5781     179.8680       0.0000
     244.7850     343.1697       2.0000
      98.5366     138.0005       0.0000
     246.2066     196.7477       1.0000
     285.0170     716.1704       2.0000
     286.1949     537.9596       2.0000
      92.2758       5.8155       0.0000
     295.3190     534.5094       2.0000
     198.2695     213.1254       1.0000
     209.0134     488.8803       2.0000
     214.3887     408.2518       2.0000
     212.2226     174.7470       1.0000
     153.2515     277.4134       1.0000
      90.5021     128.3796       0.0000
     238.5032     471.2037       2.0000
      83.5282      58.0988       0.0000
     232.1905     560.2538       2.0000
      89.1229      88.8277       0.0000
     208.2442     162.2300       1.0000
     241.8396     630.2278       2.0000
     157.8073     266.8868       1.0000
      73.1722     108.6233       0.0000
     213.6596     435.1272       2.0000
     170.9283     183.8862       1.0000
     130.9954     244.6752       0.0000
     129.6215     141.7940       0.0000
     110.7950     413.6916       1.0000
     176.1029     207.7901       1.0000
     269.3724     605.4498       2.0000
     178.1785     248.5076       1.0000
     144.4969     267.1891       1.0000
     243.2145     675.7556       2.0000
      95.8391     181.1718       0.0000
     207.2848     517.6214       2.0000
      90.1877     173.8025       0.0000
     118.4947     221.5712       0.0000
     264.6056     629.1846       2.0000
     196.5930     252.7834       1.0000
     149.0921     141.1878       0.0000
     139.9393     543.3527       2.0000
     274.2809     575.0469       2.0000
     104.4058     248.7758       0.0000
     288.9102     600.4032       2.0000
     155.9419     361.3770       1.0000
      89.9134     132.0544       0.0000
     163.3121     351.6822       1.0000
     241.1918     468.8698       2.0000
     192.5816     306.1126       1.0000
      82.2821     172.3732       0.0000
     226.8932     210.0509       1.0000
     262.4713      86.4264       1.0000
      91.8576     146.5795       0.0000
     164.1171     412.5588       1.0000
     228.9243     504.3085       2.0000
     136.0335     350.7087       1.0000
     122.2177     150.5054       0.0000
     118.0113     133.0066       0.0000
     281.0262     577.5139       2.0000
     232.3294     257.9986       1.0000
     100.7904     126.6369       0.0000
     187.9790     198.6922       1.0000
     113.5384      62.3254       0.0000
     242.0618     187.9058       1.0000
     337.7599     760.5261       2.0000
     207.3093     194.8440       1.0000
     216.7615     551.4120       2.0000
     212.7277     158.4305       1.0000
     278.7428     610.1133       2.0000
     198.6690     221.8755       1.0000
      99.0144     181.0611       0.0000
      98.2157     147.1513       0.0000
     219.8018     117.3950       1.0000
     112.5725     205.9568       0.0000
     166.9130     457.5735       2.0000
     197.5851     201.0299       1.0000
      93.0322     159.3713       0.0000
     309.0463     620.3571       2.0000
     287.2205     616.7447       2.0000
     185.2151     417.5831       1.0000
      77.4832      22.9402       0.0000
     194.4189     341.5442       1.0000
     270.1607     529.0368       2.0000
     278.7156     573.3618       2.0000
     111.9760     393.5970       1.0000
      66.2309      70.0041       0.0000
     245.1755     518.1242       2.0000
     137.8117     384.8119       1.0000
     132.3057     199.2336       0.0000
      73.0871      49.3110       0.0000
     203.1694     268.4783       1.0000
     174.1017     238.7579       1.0000
     174.3068     269.9500       1.0000
     118.0207     308.8585       1.0000
     251.5159      80.7863       1.0000
     113.7148       7.9257       0.0000
     263.5831     570.7641       2.0000
     130.6657     400.2125       1.0000
     295.3956     640.8632       2.0000
     201.1570     197.5731       1.0000
     225.2598     201.0022       1.0000
      87.9881      71.8101       0.0000
     228.3171     595.2425       2.0000
     177.3367     267.1602       1.0000
     318.8055     645.4040       2.0000
     224.1558      85.9016       1.0000
     225.8415     415.8573       2.0000
     150.7757     203.9412       1.0000
     169.2381     323.0323       1.0000
      87.1066     220.1014       0.0000
     130.7837     194.0060       0.0000
     104.0592      86.0717       0.0000
     260.0874     572.3123       2.0000
     245.2399     536.2395       2.0000
     155.0400     356.1822       1.0000
     103.8640     428.7981       1.0000
     149.7463     309.4814       1.0000
     241.6893      44.6902       1.0000
     263.3191     158.4598       1.0000
     109.2869     178.1868       0.0000
     246.4039     129.7472       1.0000
     276.5460     506.2445       2.0000
     200.6144     461.4868       2.0000
     257.4887     520.8979       2.0000
     172.8794     244.2410       1.0000
     272.6001     530.1206       2.0000
     314.1849     719.8714       2.0000
      95.6317     188.7255       0.0000
     149.9051     263.1971       1.0000
      90.7185      -9.3606       0.0000
      98.5326     209.6367       0.0000
     188.8735     248.9558       1.0000
     313.2219     739.9751       2.0000
     267.4507     492.5904       2.0000
     244.8019     589.3119       2.0000
     206.3682     146.0391       1.0000
     227.3585     218.4768       1.0000
      96.2757      88.3556       0.0000
     113.6408      76.6521       0.0000
     162.1002     256.9261       1.0000
     231.5928     222.5370       1.0000
     217.2506     225.2042       1.0000
     197.7754     168.0341       1.0000
     212.2602     293.2455       1.0000
     165.7440     356.3414       1.0000
      61.9291     -30.4583       0.0000
      83.8386     130.3960       0.0000
      97.9519     130.9966       0.0000
     157.0131     271.6288       1.0000
     176.2785     287.5203       1.0000
     265.2061     545.4116       2.0000
      84.4525      82.1618       0.0000
     135.8280     422.2405       1.0000
     127.6899     103.1696       0.0000
     229.5800     135.2525       1.0000
     179.2089     226.6285       1.0000
     121.8227      43.7453       0.0000
     100.6855     152.2819       0.0000
      92.5218     137.9591       0.0000
     148.8841     269.1905       1.0000
     120.6444     400.4588       1.0000
     294.3262     720.0465       2.0000
      94.9003     168.3879       0.0000
     209.4276      56.9529       1.0000
      99.0838      87.3749       0.0000
     302.5297      22.5959       1.0000
     192.0483     335.1396       1.0000
     168.4068     471.9901       2.0000
      73.6957      87.5709       0.0000
     224.4294     171.5606       1.0000
     243.9226     642.5079       2.0000
      60.7902     -22.6440       0.0000
     262.9231     573.9887       2.0000
     102.1884     159.1203       0.0000
     220.5249     174.5827       1.0000
     270.0229     153.9373       1.0000
      82.7509      41.0352       0.0000
      95.7331     134.3802       0.0000
     147.9476     268.9936       1.0000
     180.5299     256.4686       1.0000
     161.5462     348.2966       1.0000
     245.2682     155.9202       1.0000
     184.1655     326.8988       1.0000
     224.6229     573.2363       2.0000
     110.6917     152.7979       0.0000
     294.8812     605.6128       2.0000
     259.2083     642.3387       2.0000
     265.1865     541.9292       2.0000
      91.4700     148.4312       0.0000
     287.2856     744.0868       2.0000
     197.7760     343.9636       1.0000
     142.5380     329.5707       0.0000
     128.1554     296.9101       0.0000
     223.2880     244.0690       1.0000
     205.8775     517.8846       2.0000
      91.0945     178.9586       0.0000
     200.0895     270.6976       1.0000
     157.7818     289.1287       1.0000
     214.7948     206.2747       1.0000
     116.5279     438.2052       1.0000
     103.8130     246.3439       1.0000
     280.4207     692.7203       2.0000
     124.9126     154.2723       0.0000
     196.7709     252.4970       1.0000
     181.3577     346.8067       1.0000
     112.1375      85.3833       0.0000
      74.7992     113.6766       0.0000
      99.8269     204.6306       0.0000
      91.4820     148.3085       0.0000
     229.0702     423.1437       2.0000
     109.3801     392.0468       1.0000
      94.0310      98.0422       0.0000
     138.5234     236.0154       1.0000
     105.8924     111.7230       0.0000
     123.3593     353.0546       1.0000
     232.0223     503.8520       2.0000
     286.3936     538.2345       2.0000
      90.9777     404.5615       1.0000
     159.4598     146.9894       1.0000
     208.4600     219.4753       1.0000
     264.4534     553.3151       2.0000
      95.0256     148.1690       0.0000
      83.9067     120.2271       0.0000
     179.5548     400.7783       2.0000
     147.4206      92.4648       0.0000
     188.3115     604.6097       2.0000
     150.9652     335.4302       1.0000
     131.4742     404.4196       1.0000
      99.1715      18.9129       0.0000
     175.5149     374.8963       1.0000
      92.1569      82.7688       0.0000
     192.6380     333.9801       1.0000
     121.3022     338.9974       1.0000
     124.1078     107.3621       0.0000
     223.3336     494.1649       2.0000
     220.1488     213.8803       1.0000
     110.9550     197.6845       0.0000
      71.6796      57.8026       0.0000
     307.7443     625.9361       2.0000
      79.6838      52.9523       0.0000
     177.0457     122.8251       1.0000
      88.2615     467.0308       1.0000
     183.6440     169.4408       1.0000
      70.7496     117.9132       0.0000
     156.2014     353.3157       1.0000
     103.8314     111.4102       0.0000
     144.0805     311.0679       2.0000
     241.9149     124.3454       1.0000
     259.3806     547.6748       2.0000
     301.0870     709.3595       2.0000
     201.7321     149.5274       1.0000
     286.3007     606.7716       2.0000
     115.4491     107.6463       0.0000
      94.5024     294.9290       0.0000
     130.9015     302.9653       1.0000
     150.7434     471.1286       1.0000
     132.0448     165.5205       0.0000
     224.6027     123.8977       1.0000
      91.1951     212.8815       0.0000
     205.3491     268.4239       1.0000
      98.3102     100.6135       0.0000
     229.4384     496.3394       2.0000
     230.4154     211.9826       1.0000
     100.5959     125.4899       0.0000
     103.1345     131.8867       0.0000
     119.5604     287.1480       1.0000
     220.7265     518.4588       2.0000
     173.1203     439.5171       1.0000
     103.0360       7.7372       0.0000
     109.6775      77.6417       0.0000
     261.5083     549.5159       2.0000
      90.4784      48.5735       0.0000
     112.9587     282.2679       0.0000
     100.7872     100.9843       0.0000
     192.9623     223.0020       1.0000
      90.6532     169.5529       0.0000
     234.3658     117.2895       1.0000
     218.2307     138.2998       1.0000
     169.0343     219.9964       1.0000
     265.0207     639.5432       2.0000
     197.1075     513.6314       2.0000
     148.9304     321.3347       1.0000
      68.0730     102.3235       0.0000
     190.1935     373.2496       2.0000
     316.8838     640.7576       2.0000
     232.5171     492.9270       2.0000
     163.2869     194.1097       1.0000
     237.4050     182.1792       1.0000
     231.3938     247.3573       1.0000
     230.9942     436.2267       2.0000
     205.7979     417.4124       2.0000
     104.0647      57.3256       0.0000
     134.0043     148.1385       0.0000
     253.0731     614.5783       2.0000
     244.1736     589.0682       2.0000
     101.1493      64.1067       0.0000
     282.9809     658.7391       2.0000
     232.0222     518.0213       2.0000
     204.2863     486.8764       2.0000
     256.4398     469.6020       2.0000
     106.2686     138.8853       0.0000
     176.2696     475.7372       2.0000
     158.9644     266.0114       1.0000
     120.9270     177.5390       0.0000
     205.9824     249.0791       1.0000
      96.1602      69.6028       0.0000
      90.2263     144.7404       0.0000
     107.1208     223.6504       0.0000
     260.0747     227.3638       1.0000
     155.6451     370.9969       1.0000
     107.3328     199.6447       0.0000
      86.5310     412.7390       1.0000
     163.3913     283.2785       1.0000
     284.0713     582.3286       2.0000
     213.7688     539.0438       2.0000
     102.5648     388.2376       1.0000
     103.1834       1.4280       0.0000
      79.0111     180.4784       0.0000
     109.9398      15.0569       0.0000
     348.6399     590.7075       2.0000
     172.6495     232.5976       1.0000
      73.1452     156.8351       0.0000
     173.8330     261.9100       1.0000
     212.0808     159.0309       1.0000
     254.4644      92.1064       1.0000
     273.8315     661.9595       2.0000
      89.5292      71.4943       0.0000
     177.6268     294.9792       1.0000
     164.0793     458.9425       2.0000
     286.7367     619.4314       2.0000
     284.8348     658.1083       2.0000
     194.1908     233.9394       1.0000
     195.6538     161.9461       1.0000
     275.3027      12.9950       1.0000
     131.7056     116.7103       0.0000
     137.9465     267.3202       1.0000
     181.9063     251.8568       1.0000
     143.1622     163.4290       0.0000
     197.7008     221.5187       1.0000
     159.9151     156.8632       1.0000
     195.9430     421.2066       2.0000
     109.4148     325.2857       0.0000
     178.7868     319.0116       1.0000
     260.6921     632.4255       2.0000
     159.3774     296.9293       1.0000
     106.3294     183.3587       0.0000
      99.9844     178.4832       0.0000
     177.6788     238.9559       1.0000
      84.5365      62.2462       0.0000
      79.9368     193.4899       0.0000
     116.2646     133.5058       0.0000
     218.4565     315.2353       1.0000
     254.8347     653.7662       2.0000
     180.5086     278.2062       1.0000
     130.9541     296.1999       1.0000
     155.7534     258.5663       1.0000
     220.0248     544.8265       2.0000
     235.9905     535.0907       2.0000
      75.9330      88.4558       0.0000
     217.2541     575.8081       2.0000
     242.3143     527.4198       2.0000
     119.9969     160.5592       0.0000
     204.1421     253.8658       1.0000
     231.3507     450.1096       2.0000
     190.8608     302.4729       1.0000
     217.4379     102.7671       1.0000
      91.4357     286.6534       0.0000
     128.8723     468.7278       1.0000
     187.2994     371.3337       1.0000
     195.9582     523.5491       2.0000
     223.3429     207.8234       1.0000
     236.6067     660.0408       2.0000
     186.8644     327.4245       1.0000
     112.4946     154.3270       0.0000
     265.2956     137.0839       1.0000
     172.4939     406.6413       2.0000
     126.9793     193.9832       0.0000
     213.0772     300.5117       1.0000
     286.7845     127.7186       1.0000
     176.5915     248.3800       1.0000
     204.7681     175.5058       1.0000
     191.5988     471.0416       2.0000
      73.7297      99.7418       0.0000
     164.5187     288.8260       1.0000
     112.9212     122.7733       0.0000
     182.3903     321.7849       1.0000
      73.8385      85.3605       0.0000
     110.8828     106.9696       0.0000
     139.1677     258.2320       1.0000
     215.8283     169.1910       1.0000
     292.6126     595.8159       2.0000
     256.3977     579.5841       2.0000
     142.0081     361.2705       1.0000
     286.7780     526.1153       2.0000
     304.0788     635.8215       2.0000
     101.9604     105.2738       0.0000
     107.6838     144.8925       0.0000
     144.6740     336.8218       1.0000
     125.7164     474.1233       1.0000
     205.1547     515.3051       2.0000
     292.4676     527.7778       2.0000
      87.5182     203.8216       0.0000
     202.3303     469.7009       2.0000
     263.4316     564.5231       2.0000
     244.2461     458.2023       2.0000
     279.7416     209.0108       1.0000
     181.5970     190.9842       1.0000
     227.0455     233.5928       1.0000
      65.6372      64.9061       0.0000
     187.1547     296.1186       1.0000
     221.6987     511.2221       2.0000
     159.8485     362.8537       1.0000
      75.9791      47.5386       0.0000
     145.8948     335.5953       0.0000
     123.3544      37.5344       0.0000
     325.0563     664.1621       2.0000
     240.6051     128.5033       1.0000
     113.3148      85.4605       0.0000
     171.8598     232.5880       1.0000
     253.5486     461.2922       2.0000
     226.3102     133.2050       1.0000
      91.7379      15.2572       0.0000
     118.8177     177.2928       0.0000
     171.3051     338.1767       1.0000
     166.0760     252.5660       1.0000
     162.8639     346.4537       1.0000
     137.2975     165.2394       0.0000
     179.1005     290.5446       1.0000
      78.8800      43.3229       0.0000
     134.0717     350.6017       1.0000
     265.1723     570.0921       2.0000
      80.9439     131.7589       0.0000
     115.1193     261.7071       0.0000
     199.7521     156.2165       1.0000
     207.3038     256.9573       1.0000
     267.7239     687.3538       2.0000
     173.9968     294.0263       1.0000
     127.4288      93.1608       0.0000
     116.7775     109.6323       0.0000
     116.1770     204.9002       0.0000
     253.0007     427.0708       2.0000
      91.9844     195.8953       0.0000
     167.3057     197.8700       1.0000
     103.9706      98.0456       0.0000
     188.5284     229.7912       1.0000
      94.8666      72.1608       0.0000
     153.3445     302.6867       1.0000
     106.8041      67.5655       0.0000
     100.6732     183.8160       0.0000
      95.8251     107.8094       0.0000
     214.0040     467.8451       2.0000
     136.2823     150.7390       0.0000
     219.8508     440.3419       2.0000
      72.8399      36.2922       0.0000
     195.6683     233.8565       1.0000
     264.1420     586.2443       2.0000
      68.9433     103.2994       0.0000
     127.4655     417.1370       1.0000
      72.2964      77.1514       0.0000
     194.0556     152.3000       1.0000
     266.7945     624.5911       2.0000
      70.6711     145.7831       0.0000
      88.8373     247.1741       0.0000
     108.5742     179.2088       0.0000
     214.9368     360.6632       2.0000
     211.8779     415.8668       2.0000
     210.2753     484.0736       2.0000
     217.8691     253.7784       1.0000
     277.5816     165.6434       1.0000
     220.2577     180.9800       1.0000
     123.0611     107.3979       0.0000
     169.6009     234.1529       1.0000
     139.8493     338.5675       1.0000
     107.6830     152.2437       0.0000
      77.2148      31.5378       0.0000
     134.1062     329.5455       1.0000
     186.1581     391.0088       1.0000
     143.5422     282.6003       1.0000
     139.0662     375.2413       1.0000
     116.5325     136.8725       0.0000
     230.4277     459.1210       2.0000
      95.7613     139.3221       0.0000
     187.1165     286.2198       1.0000
     254.8676     143.9672       1.0000
     204.9599     284.7708       1.0000
     198.3788     475.2484       2.0000
      88.9675     185.0514       0.0000
     205.7518     594.4126       2.0000
     155.8142     344.1987       1.0000
     249.0570      88.2772       1.0000
      95.2565     392.8166       1.0000
     110.8186     210.2452       0.0000
     327.4121     632.2184       2.0000
     120.8905     296.7746       0.0000
     130.7305     261.7762       1.0000
     258.2575     528.9401       2.0000
      95.6461     231.9220       0.0000
     140.4608     375.8189       1.0000
     285.0389     546.3427       2.0000
      83.7499      37.5292       0.0000
     151.0872     292.1801       1.0000
     161.8769     428.3954       2.0000
     131.9786     460.3287       1.0000
     235.1099     426.5807       2.0000
     266.9854     669.3413       2.0000
     210.7697     549.3706       2.0000
     213.2873     177.0984       1.0000
      68.4640     110.8582       0.0000
     197.3872     185.2514       1.0000
     260.9024     513.9618       2.0000
      92.0344     176.8570       0.0000
      96.4039     170.7745       0.0000
     192.2411     425.9781       1.0000
      87.5467     255.9425       0.0000
     119.7404     213.3533       0.0000
     157.5222     413.7108       1.0000
     107.0555     144.7148       0.0000
      89.7765      96.0096       0.0000
     101.4262     349.0048       1.0000
     215.7833     139.2753       1.0000
     252.8289     189.4620       1.0000
     306.0913     602.3908       2.0000
     131.3462     332.4013       1.0000
     109.8416     147.6000       0.0000
     184.9954     475.9782       2.0000
     109.5484     205.6896       0.0000
     179.5731     465.6444       2.0000
     239.5669     521.9799       2.0000
      83.9496     144.3916       0.0000
     277.7747     548.4510       2.0000
     222.8092     540.9310       2.0000
     199.0511     345.3215       1.0000
      76.2880     466.7823       1.0000
     102.7169     270.7521       0.0000
      84.2884      53.3190       0.0000
     232.8079     464.9336       2.0000
     205.9827     235.0421       1.0000
     271.0757     561.0386       2.0000
      87.4815      39.9436       0.0000
     206.9562     181.7872       1.0000
     274.7091     570.6222       2.0000
     163.5188     360.9902       1.0000
     242.0740     569.2287       2.0000
      58.1953      33.9091       0.0000
     143.4516     235.4094       1.0000
     205.5071     350.6414       2.0000
     161.6941     275.6423       1.0000
      96.0952     186.6108       0.0000
     123.2765      61.7370       0.0000
     182.7212     246.5488       1.0000
      98.3906     247.0730       0.0000
     260.8711     557.7121       2.0000
     116.9501     323.8722       1.0000
      76.1002     105.5142       0.0000
     227.4948     418.1061       2.0000
     120.2888      49.9479       0.0000
      71.4216     253.5345       0.0000
     142.3987     191.7383       1.0000
     289.0583     613.8879       2.0000
     130.0536     374.0425       1.0000
     116.9260     158.2432       0.0000
     109.8531     186.6108       0.0000
     129.3099     305.4268       1.0000
     229.1744      93.8292       1.0000
     220.3785     221.4349       1.0000
     178.1119     219.4171       1.0000
      83.5287      32.5195       0.0000
      97.7570     419.8695       1.0000
     107.4653     488.3857       1.0000
     219.0373     515.2417       2.0000
     343.0275     465.5649       2.0000
     290.4781     565.2715       2.0000
     115.5170     190.9479       0.0000
     173.0259     217.9513       1.0000
     214.0744     227.9702       1.0000
     256.8174     574.8481       2.0000
      82.2740     118.9323       0.0000
     118.2563     130.0711       0.0000
     174.1425     313.3758       1.0000
     194.9662     148.7096       1.0000
     127.7071     388.3238       1.0000
     247.9131     636.9384       2.0000
     186.0533     286.8906       1.0000
     175.6419     202.1594       1.0000
     171.8820     340.5229       1.0000
     118.6411     284.4871       0.0000
      64.6398     157.8691       0.0000
     270.7201     608.2731       2.0000
     242.7365     499.1986       2.0000
     231.2462     457.9536       2.0000
     124.6819     386.9408       1.0000
     219.0150     470.6578       2.0000
     222.5954     265.8591       1.0000
     162.8668     345.3472       1.0000
     122.8938     368.3646       1.0000
     150.8543     236.1491       1.0000
     152.5138     198.2820       0.0000
     271.2581     594.0931       2.0000
     173.6444     294.7662       1.0000
     132.1173     367.0098       1.0000
      78.4637      27.7465       0.0000
     117.9840     172.2511       0.0000
      50.6875      15.0231       0.0000
     222.6870     526.6417       2.0000
     183.8153     452.8093       2.0000
     161.5931     159.7796       1.0000
     275.5893     452.2831       2.0000
     189.6164     328.1985       1.0000
     227.9728     573.8776       2.0000
     114.8135     206.2922       0.0000
     199.3794     214.1017       1.0000
     349.1581     710.8996       2.0000
     194.0442     237.6620       1.0000
     208.6901     206.7347       1.0000
     103.5560     -61.8028       0.0000
      90.7594     155.8392       0.0000
     226.1609     219.3459       1.0000
     176.1988     225.7398       1.0000
      97.1293     115.2104       0.0000
     108.8973     465.0859       1.0000
     269.8174     588.0474       2.0000
     100.4751     190.8541       0.0000
     145.7276     314.6509       1.0000
     278.6064     438.7428       2.0000
     100.0862     129.8554       0.0000
     110.8678      79.4073       0.0000
     133.5195     208.3287       0.0000
     296.8770     639.5694       2.0000
     170.7368     174.3864       1.0000
      95.1672     401.8845       1.0000
     189.4822     214.4663       1.0000
      91.6601     104.7904       0.0000
     191.2213     378.8076       1.0000
     204.2637     175.4887       1.0000
     239.2165      51.2633       1.0000
     135.2272     444.1728       1.0000
     137.9457     111.9178       0.0000
     221.3322     120.7738       1.0000
     229.8068     493.8738       2.0000
     135.7250     197.3631       1.0000
     189.2293     235.1158       1.0000
      70.8312      82.5865       0.0000
     263.0713     546.6222       2.0000
      87.5073     165.3344       0.0000
     255.2344     580.4400       2.0000
     225.8168     114.6337       1.0000
     127.7912     440.4605       1.0000
     143.1697     343.3834       1.0000
     216.8936     555.2806       2.0000
     188.8136     309.1031       1.0000
     209.0385     403.2446       2.0000
     236.1292     216.9980       1.0000
     107.7159     213.9986       0.0000
     182.2718     260.4490       1.0000
      95.6623      60.6673       0.0000
     226.5093     435.2626       2.0000
     160.7686     278.0307       1.0000
     246.2817     569.8307       2.0000
     259.3033     669.2812       2.0000
     208.7217     258.8508       1.0000
     112.3680     202.6170       0.0000
      75.8265      58.0591       0.0000
     269.5021     547.5178       2.0000
     241.9898     472.1022       2.0000
     245.2231      94.6581       1.0000
     232.9510     691.5750       2.0000
     247.2784     151.7393       1.0000
     240.6028      66.8334       1.0000
     214.3045     552.0913       2.0000
      85.5612      68.0105       0.0000
     171.0764     239.1575       1.0000
     275.0259     557.6905       2.0000
     264.7817     545.9074       2.0000
     245.0712     551.6460       2.0000
     235.5662     297.5686       1.0000
     175.2246     406.2458       2.0000
     189.2849     144.3378       1.0000
     145.6234     314.0236       1.0000
     188.1047     413.4053       2.0000
     165.5727     419.4839       2.0000
     135.7762     135.3070       1.0000
     301.0665     686.7218       2.0000
      94.9626      61.8469       0.0000
     108.4918     123.4043       0.0000
     158.9473     266.4230       1.0000
     252.8627     594.9413       2.0000
     284.7621     545.4782       2.0000
     217.0937     208.9311       1.0000
     162.2305     383.4816       1.0000
     231.0593     169.0044       1.0000
     129.8834     120.5261       0.0000
     188.6661     286.4123       1.0000
     161.3486     305.4762       1.0000
     187.2027     208.0910       1.0000
     116.3552     348.4855       1.0000
     201.2004     434.2859       2.0000
     105.6544      50.6150       0.0000
     139.4244     243.6677       1.0000
     120.4527     168.8610       0.0000
      92.9310      26.5145       0.0000
     183.5960     349.9043       1.0000
      73.7672      18.0327       0.0000
     211.8484     231.4211       1.0000
      98.0300     165.6904       0.0000
      97.8681     157.1142       0.0000
     155.8428     308.3161       1.0000
     156.9083     173.2225       1.0000
     262.2542     563.0905       2.0000
     218.0147     437.7731       2.0000
      62.4126     455.8029       1.0000
     273.1444     569.3686       2.0000
     120.2969     278.6583       0.0000
     164.7340     337.1679       1.0000
     151.3466     146.9164       1.0000
     283.1068     155.6601       1.0000
     223.0398     169.7194       1.0000
     288.1704     490.5382       2.0000
     195.7050     541.0145       2.0000
     156.0092     235.3146       1.0000
     137.6198     235.3070       0.0000
      60.9638      86.1580       0.0000
     246.7715     208.9932       1.0000
     274.0952     143.1928       1.0000
     215.3184     202.5581       1.0000
      85.2429     175.4060       0.0000
     121.7732     159.0449       0.0000
     166.4050     215.2144       1.0000
     142.5827     268.4344       1.0000
      53.3897     157.1708       0.0000
     291.2838     613.5166       2.0000
     249.4017      80.7520       1.0000
     237.8770     524.0740       2.0000
     119.6299     414.9977       1.0000
      96.6863     103.4417       0.0000
     352.8251     678.3163       2.0000
     229.9039     233.9233       1.0000
     179.1914     344.9277       1.0000
     254.5875     486.9595       2.0000
     101.3293     159.8874       0.0000
     135.5647     290.0278       1.0000
     187.0819     324.9008       1.0000
     175.9424     315.9624       1.0000
     107.7213     114.1644       0.0000
     269.0438     623.7003       2.0000
      99.5462     130.5000       0.0000
     258.1171     671.3156       2.0000
     231.8168     440.3022       2.0000
      92.5809     131.8272       0.0000
     264.2658     472.3533       2.0000
     138.5103     300.0813       1.0000
     183.9524     328.5302       1.0000
     214.7277     298.3270       1.0000
      92.0039      50.7921       0.0000
     146.4428     272.8454       1.0000
     223.5321     316.8102       1.0000
     108.8602     196.2765       0.0000
     219.3187     498.1855       2.0000
     234.0777     506.5790       2.0000
     105.8592     150.5490       0.0000
      94.4692     123.7688       0.0000
     180.7165     278.7888       1.0000
     148.6611     358.2533       1.0000
     148.5860     429.9475       1.0000
     150.0847     174.8715       1.0000
     100.5170     455.3863       1.0000
     107.6354     156.9159       0.0000
     172.4284     251.1474       1.0000
      77.4970     118.0220       0.0000
     266.6837     609.7970       2.0000
     235.6055     104.2241       1.0000
     101.7997     123.2968       0.0000
     243.2811     573.8239       2.0000
     182.8909     276.9815       1.0000
     106.3571      32.1288       0.0000
     208.9479     262.7509       1.0000
     187.0241     278.2276       1.0000
      78.7148      48.4573       0.0000
     184.6019     522.6176       2.0000
     235.1378     667.1593       2.0000
     155.6000     252.7014       1.0000
      91.0591     125.0402       0.0000
     116.8953     352.8261       1.0000
     139.7564     271.2405       1.0000
     242.0387     176.4269       1.0000
     198.2411     273.1122       1.0000
     223.6264     199.4387       1.0000
     273.1406     487.7857       2.0000
     140.5887     283.5826       1.0000
     113.9329     243.5598       0.0000
     225.8692     574.9134       2.0000
     203.9714     468.4581       2.0000
     255.5425     603.2172       2.0000
     241.9186     614.3136       2.0000
     216.2136     462.0425       2.0000
     133.8181     367.7685       1.0000
      95.0264     200.7874       0.0000
     223.3356     180.0356       1.0000
     101.2980     112.3727       0.0000
     228.4177     418.4795       2.0000
     281.1219     677.8997       2.0000
     162.9273     165.3514       1.0000
     268.4014     604.3503       2.0000
     155.7311     261.5333       1.0000
     208.4670     491.8152       2.0000
     195.6021     213.2772       1.0000
     244.4436     580.6073       2.0000
     229.1741     374.2473       2.0000
     255.8561     581.0846       2.0000
     291.8622     658.2094       2.0000
     126.7829     204.2202       0.0000
     263.2852     538.7257       2.0000
     342.1746     775.1065       2.0000
     200.5275     249.4147       1.0000
     184.2173     254.1892       1.0000
     250.9355     495.8115       2.0000
     248.6071     353.9134       2.0000
     293.9087     653.8554       2.0000
     116.5563     164.7898       0.0000
     117.7386     126.9972       0.0000
      66.4166      58.3542       0.0000
      45.4764     -11.4087       0.0000
     115.9723      91.9594       0.0000
     254.7076     486.9155       2.0000
     177.8861     285.5677       1.0000
      95.5971     335.7555       1.0000
     226.6317      94.8118       1.0000
     209.0205     293.8741       1.0000
     267.6173     580.2919       2.0000
     150.6742     394.9549       1.0000
     152.1066     254.3664       1.0000
     195.4399     275.0431       1.0000
     139.5558     256.7753       0.0000
     162.4837     212.4494       1.0000
     277.4918     691.4750       2.0000
     280.1557     600.4605       2.0000
     198.4266     213.1464       1.0000
     217.3614     506.0185       2.0000
     207.7717     238.9460       1.0000
     287.0900     455.0207       2.0000
     111.5058     161.3381       0.0000
      75.8194     133.0764       0.0000
     102.9341      51.1986       0.0000
     155.8300     353.7594       1.0000
     140.2119     308.1338       1.0000
     207.2663     212.4649       1.0000
     204.0939     260.1024       1.0000
     117.2668      -3.6642       0.0000
     124.4431     468.5636       1.0000
      83.5295     130.4711       0.0000
     250.1988     542.9061       2.0000
     247.2392     554.4137       2.0000
     221.8582     158.8727       1.0000
     218.0238     221.2927       1.0000
     306.8206     582.5258       2.0000
     121.6999     189.7961       0.0000
     271.1344     201.7880       1.0000
     182.2901     303.2708       1.0000
     177.5967     333.4014       1.0000
     214.0724     315.6176       1.0000
     189.4722     486.5199       2.0000
     350.4341     749.8397       2.0000
      93.2203     133.9990       0.0000
     236.3548     599.3748       2.0000
      92.6298     102.0620       0.0000
     307.1243     634.7488       2.0000
     203.0467     218.5693       1.0000
      80.3053     172.5320       0.0000
     143.1080     346.3120       1.0000
     141.1307     255.6131       1.0000
     157.6598     181.3120       1.0000
     149.7945     283.4882       1.0000
     135.3557     347.5554       1.0000
     237.3732     530.1790       2.0000
     253.9962     533.7898       2.0000
     264.4565      47.7383       1.0000
     200.6295     373.5100       1.0000
     110.7559      98.5283       0.0000
     203.8582     444.5377       2.0000
      72.6173     208.6447       0.0000
     226.9410     259.6517       1.0000
      97.4810     115.4271       0.0000
     202.9999     479.6855       2.0000
     130.0340     417.9168       1.0000
     295.6297     565.8748       2.0000
     117.3486     127.4758       0.0000
     260.0968     491.0012       2.0000
     167.2639     319.2518       1.0000
     238.1398     153.7685       1.0000
      75.6815     117.2720       0.0000
     165.2051     195.2532       1.0000
     177.4134     214.2409       1.0000
     123.8610     166.9770       0.0000
     217.5122     470.9120       2.0000
     121.4164     238.1397       0.0000
     137.6124     246.4224       1.0000
     124.0154     424.6006       1.0000
     219.7063     257.9662       1.0000
     210.7667     304.4763       1.0000
     193.4224     226.5358       1.0000
     187.8083     270.6269       1.0000
     146.4817     343.2873       1.0000
     196.3445     258.8657       1.0000
     112.1662     110.2049       0.0000
     231.8227     231.3597       1.0000
     111.1525     321.0177       1.0000
     101.8660     141.0007       0.0000
      64.5977     119.9188       0.0000
     281.0492     533.3058       2.0000
     136.4273     101.1226       0.0000
     194.2304     220.4505       1.0000
     218.3083     504.3550       2.0000
     254.4471     585.3368       2.0000
     283.8350     551.7985       2.0000
     173.0740     238.7997       1.0000