     273.6301     163.1739       1.0000
      80.8001     532.5277       1.0000
     168.9108     264.1314       1.0000
     175.7233     249.6012       1.0000
      47.5722     106.8956       0.0000
     205.0255     185.7889       1.0000
     117.7751     383.3397       1.0000
     193.8630     522.8186       2.0000
     190.1200     260.7022       1.0000
     104.9910     139.8790       0.0000
     204.9409     538.0372       2.0000
      89.7700     195.8109       0.0000
     194.2853     544.6966       2.0000
     156.2894     599.5143       2.0000
     201.8146     236.6079       1.0000
     172.2907     267.7257       1.0000
     155.9588     363.3150       1.0000
     157.6130     320.6996       1.0000
     192.6946     174.4157       1.0000
     163.0587     628.4306       2.0000
     169.7458     157.1139       1.0000
     132.3367     642.1264       2.0000
      87.2723      17.0244       0.0000
     155.4518     277.8998       1.0000
     163.2843     572.3529       2.0000
     113.7715     118.9916       0.0000
      89.7480     141.1819       0.0000
     142.6935     135.5295       0.0000
     115.7019     144.4492       0.0000
     151.3193     216.9936       1.0000
     192.6617     230.4986       1.0000
     150.7617     299.3387       1.0000
     222.9385     445.0181       2.0000
     167.5336     487.3724       2.0000
      52.9824     121.9525       0.0000
     176.0906     271.1341       1.0000
     249.8104     505.1625       2.0000
     220.2541     485.7259       2.0000
      60.4610      63.1528       0.0000
     112.9212     121.2417       0.0000
      87.8594     -22.8995       0.0000
     187.9230     519.9717       2.0000
     141.1790     180.6996       1.0000
     213.2782     471.6900       2.0000
     180.4777     438.6303       2.0000
     155.0609     623.5637       2.0000
     200.3771     245.8281       1.0000
     213.0252     424.8723       2.0000
     210.6115     183.9330       1.0000
      72.3895      21.3320       0.0000
     115.5272     127.6302       0.0000
     159.2765     201.8312       1.0000
     214.0569     358.8823       2.0000
     143.4908     557.6618       2.0000
     121.6761     131.0870       0.0000
      95.9166      82.4618       0.0000
     127.7801     265.9257       1.0000
     181.9085     608.3226       2.0000
      91.6967      44.8570       0.0000
     107.7068     220.4109       0.0000
      84.8372     481.2893       1.0000
     203.9476     448.3163       2.0000
      63.5618      17.1162       0.0000
     219.5905     474.6489       2.0000
     146.5192     207.6098       1.0000
     283.8163       2.2235       1.0000
      86.2588     743.0697       2.0000
     120.3720     254.8783       0.0000
      97.8193     116.7756       0.0000
     165.5584     479.2682       2.0000
     106.5374      33.7580       0.0000
     197.1905     597.8130       2.0000
     164.5007     591.5396       2.0000
     150.2267     604.0455       2.0000
     155.5432     625.6066       2.0000
     113.8074     111.1793       0.0000
      68.8140      20.6839       0.0000
     163.9858     624.4878       2.0000
     123.4754     220.4392       0.0000
     206.9339     234.7185       1.0000
      71.8322     114.5669       0.0000
     210.5030     457.5691       2.0000
     153.3272     537.8074       2.0000
     200.8306     288.7260       1.0000
     234.9375     235.4247       1.0000
      97.0895     104.5256       0.0000
     145.3317     573.0796       2.0000
     265.1488     162.7834       1.0000
      98.0920     129.6963       0.0000
     204.5190     204.4675       1.0000
     101.4117      82.0287       0.0000
      88.0406     106.1595       0.0000
     237.0172     188.9833       1.0000
     189.9859     174.4313       1.0000
     159.0922     594.2206       2.0000
     203.4400     207.6382       1.0000
     127.7039     131.0478       0.0000
     270.7177     353.7622       2.0000
     101.9664     127.0793       0.0000
     172.0562     524.3360       2.0000
     187.8119     620.4790       2.0000
     174.1972     267.2012       1.0000
     175.8622     278.3476       1.0000
     154.7938     229.1224       1.0000
     156.4077     290.9324       1.0000
     199.8544     447.8261       2.0000
     112.5271     177.4864       0.0000
      98.4845     226.5226       0.0000
     168.8374     293.5183       1.0000
     263.6777     437.8161       2.0000
     120.6624     548.7720       2.0000
      94.6457      97.0918       0.0000
     219.9523     464.7489       2.0000
      90.9232      80.3674       0.0000
     141.4201     353.3555       1.0000
     263.6186     419.8552       2.0000
     124.3887     404.3976       1.0000
     241.1596     341.1794       2.0000
      27.9915      81.7675       0.0000
      80.5584      85.2175       0.0000
      99.8600     -33.6298       0.0000
     217.3804     241.1208       1.0000
     113.9243     146.3959       0.0000
     220.3512     187.2863       1.0000
     107.5292     128.3687       0.0000
     236.5325     431.4272       2.0000
     176.9616     271.4666       1.0000
     227.8948     515.4997       2.0000
     127.5798     160.5795       0.0000
     253.5037     188.1037       1.0000
     149.8039     229.8573       0.0000
     108.8786     158.6715       0.0000
     143.2596     241.9563       1.0000
     139.9042     422.2711       1.0000
     185.4696     221.0699       1.0000
     168.9303     386.9200       1.0000
     102.5681     123.8111       0.0000
     132.4045     559.3630       2.0000
     248.4397     184.3709       1.0000
      97.7605     122.2674       0.0000
      91.6615     153.3356       0.0000
     122.2198     324.6984       1.0000
     220.0610     146.8232       1.0000
     179.8679     579.8159       2.0000
     201.4091     210.4416       1.0000
     146.4090     160.1309       0.0000
     214.6624     446.3099       2.0000
      94.4160     753.0832       2.0000
     118.1282     153.5911       0.0000
     101.3378      75.8850       0.0000
      76.4288      30.6437       0.0000
     117.4663      80.1832       0.0000
      99.9871      77.0078       0.0000
     150.6643     328.8588       1.0000
     211.4748     612.4994       2.0000
     170.8143     616.1864       2.0000
     213.1346     506.1452       2.0000
     106.2170     204.2531       0.0000
     172.4572     185.1254       1.0000
     185.9350     477.2114       2.0000
     217.9097     264.7450       1.0000
     156.2991     602.7538       2.0000
     262.7433     400.3833       2.0000
     102.2778      95.5547       0.0000
     165.8305     609.1764       2.0000
     207.9681     450.5720       2.0000
     190.7057     587.8378       2.0000
     208.9591     227.2134       1.0000
     127.6634     289.3639       1.0000
      66.5473     459.3008       1.0000
     198.8341     488.0829       2.0000
     177.1507     513.1232       2.0000
      87.5532      99.3907       0.0000
     153.3463     340.0624       1.0000
      64.4999     454.9383       1.0000
     167.2606     381.9406       1.0000
     115.8976     232.7892       0.0000
     105.4311      27.9286       0.0000
     197.6935     594.7215       2.0000
     151.2550     225.6277       1.0000
     193.0819     243.2273       1.0000
     149.4183     216.3158       1.0000
     171.1416     267.3450       1.0000
     169.5984     386.6597       1.0000
     220.7148     119.4590       1.0000
      91.6084     146.7651       0.0000
     188.6046     483.0253       2.0000
      83.8615      47.5373       0.0000
     194.8938     209.1287       1.0000
      97.1416      69.4235       0.0000
     191.3399     500.3869       2.0000
     152.1592     363.2110       1.0000
     243.6155     450.8425       2.0000
     121.9587     198.2720       0.0000
      80.3256     196.8441       0.0000
     217.1579     368.4653       2.0000
     190.4314     379.3000       1.0000
     175.7756     352.5324       1.0000
     272.2668     299.1395       2.0000
     243.1125     144.8716       1.0000
     122.4910     385.6871       1.0000
      94.3626      45.3136       0.0000
     223.6591     561.8600       2.0000
     171.7015     280.1514       1.0000
     122.1646     129.0057       0.0000
     142.2641     436.2845       1.0000
     154.0922     562.0977       2.0000
     192.6493     259.2142       1.0000
      82.2125      74.3016       0.0000
     175.0777     272.3366       1.0000
     116.8027     117.7928       0.0000
      94.2983     134.0517       0.0000
     221.3516     231.7396       1.0000
     145.6269     339.6020       1.0000
     159.1404     401.3145       1.0000
     116.2422     291.0253       1.0000
     145.8871     124.9375       0.0000
     178.4529     485.3114       2.0000
     142.4439     593.9147       2.0000
     173.2157     236.1446       1.0000
     233.7998     360.9022       2.0000
     204.9604     194.6751       1.0000
     115.7556     134.8606       0.0000
     152.6241     290.8355       1.0000
     214.1995     269.7953       1.0000
     234.1553     483.7378       2.0000
     194.2383     107.4505       1.0000
     150.0341     308.8406       1.0000
      94.8410     170.3514       0.0000
     118.6275     406.9852       1.0000
     192.4985     150.8489       1.0000
     132.4151     211.4582       1.0000
     205.0055     185.1520       1.0000
     294.7166     308.4499       2.0000
     227.7652     527.4228       2.0000
     147.7666     296.4095       1.0000
     159.3859     579.6593       2.0000
     184.4700     207.6212       1.0000
     115.9118     202.5804       0.0000
      84.7574      66.8516       0.0000
     112.2281     235.0211       0.0000
     118.0376     263.2593       1.0000
     244.0665     107.9665       1.0000
     209.8095     505.6205       2.0000
     214.7465     325.8523       2.0000
     149.2889     296.9488       1.0000
     216.5254     403.6159       2.0000
     184.8963     178.2483       1.0000
     176.2428     165.6807       1.0000
     100.3207     387.7792       1.0000
      93.5160      81.9777       0.0000
     194.9208     522.6068       2.0000
     202.8538     445.6800       2.0000
     135.4611     140.3382       0.0000
     239.3649     462.0582       2.0000
     165.8142     300.6746       1.0000
      95.5546     384.4981       1.0000
     226.7145     285.1661       1.0000
     205.7330     550.9799       2.0000
     235.2519     389.5612       2.0000
     170.7908     263.4608       1.0000
     142.9157     310.1984       1.0000
     151.0389     259.9120       1.0000
     153.8851     530.2286       2.0000
     169.2026     307.8833       1.0000
     185.7051     510.4128       2.0000
      94.2708      91.4756       0.0000
     232.4020     233.2230       1.0000
     178.0110     194.0417       1.0000
      73.5866     146.7137       0.0000
     100.6745     111.9026       0.0000
     197.9114     381.9770       2.0000
     236.3842     505.3095       2.0000
      86.0003      80.9773       0.0000
     195.1188     508.6933       2.0000
     169.1805     283.4237       1.0000
      91.9698     667.3804       2.0000
     209.3369     482.9061       2.0000
     236.4682     490.6928       2.0000
     157.0650     306.6005       1.0000
     123.1334      58.6436       0.0000
     147.2362     325.6561       1.0000
     198.8041     259.5836       1.0000
     200.8917     302.5711       1.0000
     104.4801     160.7362       0.0000
     191.1823      94.7065       1.0000
     118.8208     167.4874       0.0000
     222.7228     489.8014       2.0000
     174.5436     231.4968       1.0000
     156.3741     396.1380       1.0000
      89.8085     100.8682       0.0000
     169.1424     294.4712       1.0000
     177.9556     512.8892       2.0000
     148.8388     458.6099       2.0000
     129.6817     286.5859       1.0000
     174.0744     183.5005       1.0000
     195.2514     364.6859       2.0000
     117.8117     217.9491       0.0000
     132.4965     428.5133       1.0000
     213.9333     355.3918       2.0000
     181.6499     248.0635       1.0000
     186.0062     371.6978       1.0000
     211.6762     256.2058       1.0000
     240.0590     491.8225       2.0000
      96.7346      46.5530       0.0000
     119.5252     314.7112       1.0000
     117.0913     524.2434       1.0000
     200.4780     232.6246       1.0000
     206.6282     194.9333       1.0000
     132.1625     332.5839       1.0000
     205.8457     571.3145       2.0000
      89.7931      85.4237       0.0000
     235.9609     203.4345       1.0000
     158.3528     263.3691       1.0000
     149.5460     558.8713       2.0000
     181.2360     248.0943       1.0000
     141.1888     698.1790       2.0000
      81.5151     134.7449       0.0000
     134.8802     149.5433       0.0000
     207.8106     491.2882       2.0000
     191.0607     148.0724       1.0000
      97.6597     145.4929       0.0000
     197.4912     572.3648       2.0000
     183.2341     470.0993       2.0000
     101.3571      56.2559       0.0000
     195.2080     187.0887       1.0000
     146.6291     277.5235       0.0000
     143.9081     359.2373       1.0000
     168.7856     329.2978       1.0000
      96.6493     129.8751       0.0000
     139.0132     390.6590       1.0000
      96.4602     184.8858       0.0000
     175.1555     562.0745       2.0000
     201.0126     163.5564       1.0000
     128.8768     561.9858       2.0000
     231.3051     113.0399       1.0000
     156.5821     595.1177       2.0000
     244.6055     376.0322       2.0000
     110.9802     148.8137       0.0000
     215.8413     252.4246       1.0000
     202.3082     311.0779       2.0000
      75.9334     123.0536       0.0000
     131.4327     390.4699       1.0000
      89.5795     106.6488       0.0000
     185.4183     615.3814       2.0000
     100.0947     114.7167       0.0000
     194.7138     512.6728       2.0000
     150.6265     732.9621       2.0000
      94.5072      94.5828       0.0000
      81.5674     101.7396       0.0000
     189.4567     579.6969       2.0000
     185.4983     601.2270       2.0000
     190.7944     232.1707       1.0000
     134.1942     275.9627       1.0000
     223.5470     151.9663       1.0000
     189.8873     491.2228       2.0000
      96.4726     104.1103       0.0000
      79.3552      69.3017       0.0000
     129.4474     339.6460       1.0000
     130.7685     358.8666       1.0000
     114.0951     238.4668       0.0000
      70.2010      66.3088       0.0000
     189.9998     558.1980       2.0000
     166.3806     536.6139       2.0000
     138.8685     598.6237       2.0000
     157.5744     364.7177       1.0000
     196.0402     290.2674       1.0000
     168.2775     253.6031       1.0000
     140.3153     561.2452       2.0000
     153.1413     350.1468       1.0000
     102.5100     235.4488       0.0000
     175.1240     252.6537       1.0000
     214.5942     293.4273       1.0000
     192.6165     575.4168       2.0000
      80.8486      -2.1636       0.0000
     210.0808     432.4180       2.0000
     128.3344     534.3184       2.0000
     117.6224     135.6547       0.0000
     149.3889     364.2516       1.0000
     210.0118     521.8769       2.0000
     158.6444     318.1522       1.0000
      78.5902     131.5690       0.0000
     172.9801     596.6661       2.0000
     105.4639      65.6778       0.0000
     131.9460     410.5110       1.0000
      88.3839      63.1806       0.0000
     196.3884     551.8001       2.0000
     204.1282     212.5511       1.0000
     156.5427     673.3308       2.0000
      97.7406      59.2799       0.0000
     150.4137     570.4500       2.0000
     105.9167     115.4368       0.0000
     145.9200     345.5417       1.0000
     182.6190     417.4305       2.0000
      98.7039     182.6669       0.0000
     207.5497     201.9235       1.0000
     103.2219     132.6660       0.0000
     130.5758     358.6340       1.0000
     282.5867     345.6654       2.0000
     161.1470     540.7598       2.0000
     130.7659     215.2938       0.0000
      72.2835     190.1353       0.0000
     239.6163      95.4912       1.0000
     220.5725     468.4054       2.0000
     231.5826     220.1663       1.0000
      95.2806     109.0944       0.0000
     122.4576     157.5752       0.0000
      80.8374      13.0326       0.0000
     226.8508     328.8083       1.0000
     253.9941     161.3622       1.0000
     107.1945     125.2266       0.0000
     143.5145     149.3013       0.0000
     223.0282     174.2684       1.0000
     105.8281     162.5322       0.0000
     208.7781     514.6422       2.0000
      95.2828     365.0906       1.0000
      94.3700     177.3268       0.0000
     141.4136     331.4575       1.0000
     198.2512     497.8898       2.0000
     242.2903     481.4953       2.0000
     192.3464     297.9316       1.0000
     256.7670     348.3523       2.0000
     133.1233     328.7940       1.0000
     113.1018     192.7114       0.0000
     171.3091     326.5845       1.0000
     210.5082     394.9866       2.0000
     199.3907     266.0716       1.0000
     212.1800     324.9115       1.0000
     227.8772     476.2954       2.0000
     136.6722     101.0093       0.0000
     179.5514     523.8339       2.0000
     153.6380     388.0538       1.0000
     111.4145     380.3807       1.0000
      99.8616     290.2007       0.0000
     190.6110     657.6987       2.0000
     126.2876     535.3984       2.0000
     242.0989     121.8793       1.0000
     237.3127     145.3366       1.0000
     117.3054      93.1899       0.0000
     211.9968     519.3505       2.0000
     124.1631     194.3258       0.0000
      99.2450      89.8964       0.0000
     212.1409     362.2881       2.0000
     160.1278     594.5287       2.0000
     178.0292     294.6250       1.0000
      79.8854     154.4492       0.0000
     172.7352     300.3139       1.0000
     191.7205     473.1847       2.0000
     154.5456     301.0679       1.0000
      89.6730     107.4612       0.0000
     161.5313     294.7775       1.0000
     202.2390     242.3268       1.0000
     198.0290     138.2318       1.0000
     192.9476     492.0907       2.0000
     111.2231     149.8558       0.0000
     141.9591     382.8034       1.0000
     146.3581     280.4974       1.0000
      62.1481     140.5064       0.0000
     116.1393     394.1906       1.0000
     249.6051     442.4028       2.0000
     269.1075     411.1700       2.0000
     109.4134       3.1944       0.0000
     245.8311     419.4757       2.0000
     214.2345     179.8576       1.0000
      86.8834      75.3137       0.0000
     229.6679     191.1333       1.0000
     204.6785     205.1392       1.0000
     182.6755     471.9859       2.0000
     227.3096     171.5313       1.0000
     186.1402     470.5253       2.0000
     103.6530     379.3808       1.0000
      82.9177     -31.2253       0.0000
     136.3506     366.2671       1.0000
     194.3380     218.1949       1.0000
     230.5537     535.1097       2.0000
     252.3111     426.3077       2.0000
     124.5534     133.8854       0.0000
     184.2150     547.0091       2.0000
     206.3101     271.6895       1.0000
     211.1988     199.7845       1.0000
     137.7760     262.9702       1.0000
     196.8355     488.8028       2.0000
     104.5379      61.9305       0.0000
     191.5287     177.1982       1.0000
     236.4425     293.7650       1.0000
     166.9194     262.4015       1.0000
     253.0487     487.8538       2.0000
     148.7241     369.8870       1.0000
     172.3636     304.1566       1.0000
     201.8947     494.7446       2.0000
     179.2596     529.9622       2.0000
     184.1852     238.7874       1.0000
     235.1298     505.6265       2.0000
     145.5433     519.9302       2.0000
     124.3837     160.1328       0.0000
     130.0282     383.0420       1.0000
      61.1834      32.1683       0.0000
     240.3588     177.8062       1.0000
     121.9977     127.2893       0.0000
     222.9863     229.1216       1.0000
     181.5083     214.8419       1.0000
     106.5490      64.6405       0.0000
     107.0443     281.5898       1.0000
     232.8825     329.3621       2.0000
     232.2372     302.2134       2.0000
     177.7154     314.4774       1.0000
     193.7238     554.1474       2.0000
     249.9023     486.4249       2.0000
      78.9576     132.3726       0.0000
     210.1530     257.5228       1.0000
     176.3706     318.1337       1.0000
      84.7975     -38.3861       0.0000
     103.9267     444.6043       1.0000
     222.3553     427.4722       2.0000
     148.0218     567.4569       2.0000
     155.6337     313.4856       1.0000
     117.8531     235.8709       0.0000
     196.0634     209.9735       1.0000
      81.8253     329.1070       0.0000
     120.1664      93.5924       0.0000
     126.1057     672.1280       2.0000
     113.4390      30.2779       0.0000
     120.7489     127.4558       0.0000
     130.0802     389.5535       1.0000
      88.6777      65.9021       0.0000
     106.6466     358.6343       1.0000
     180.0567     246.2609       1.0000
     189.4420     346.3893       1.0000
     188.0693     558.8525       2.0000
     185.2230     224.3674       1.0000
     253.9537     163.1403       1.0000
     155.0039     309.9394       1.0000
     195.6599     652.5089       2.0000
      77.7706     150.8865       0.0000
     210.5619     265.4915       1.0000
     131.6323      69.8577       0.0000
      71.7479     158.9758       0.0000
     117.1975      88.3430       0.0000
     106.3513     203.1971       0.0000
     110.0026     -19.3786       0.0000
     106.8787     209.4769       0.0000
     114.1503     424.7615       1.0000
     196.3803     447.9018       2.0000
     282.7226     180.1054       1.0000
      98.9398     130.7813       0.0000
      92.1199      81.7574       0.0000
     242.6523     448.0295       2.0000
     211.2610      94.5094       1.0000
     106.8375     118.9019       0.0000
     110.9346       7.3864       0.0000
     196.4944     539.0278       2.0000
     107.7420     133.7324       0.0000
     133.9262     686.7793       2.0000
      80.2994      71.2544       0.0000
     217.7355     302.5378       1.0000
     220.5659     225.3970       1.0000
     199.1474     220.0340       1.0000
      94.2650     155.3617       0.0000
     235.9398     535.1854       2.0000
     119.9559     141.3949       0.0000
     239.5504     247.6984       1.0000
     131.4380     162.4502       0.0000
     170.6192     243.2565       1.0000
     209.9509     498.6805       2.0000
     138.6848     444.0071       1.0000
     117.6023     155.3273       0.0000
     108.5227     202.0294       0.0000
     117.8276     164.2127       0.0000
      90.5545     223.5461       0.0000
     146.1749     448.7268       1.0000
      70.1642     184.1477       0.0000
     227.2883     555.0620       2.0000
     120.7217     357.6860       1.0000
     213.0825     222.5450       1.0000
     187.7744     205.6755       1.0000
      99.5304     161.2095       0.0000
     194.5081     113.3941       1.0000
     246.1906     245.9682       1.0000
     125.5123     421.4055       1.0000
     107.0860     149.2895       0.0000
     198.9171     407.3680       2.0000
     176.6730     300.9521       1.0000
      78.4248     -68.9472       0.0000
     227.2639     194.9606       1.0000
     103.9098     153.5548       0.0000
     136.4014     336.3027       0.0000
      69.4308     113.1053       0.0000
     253.1260     409.0037       2.0000
     213.6593     518.5645       2.0000
     104.1869     294.4016       1.0000
     249.5628     408.3892       2.0000
     206.2653     459.9990       2.0000
     121.4428     211.5746       0.0000
     103.2970     187.0212       0.0000
     227.0925     431.4000       2.0000
      89.0198     128.6850       0.0000
     122.5345     191.4111       0.0000
     150.6576     504.1075       2.0000
     205.6344     503.8302       2.0000
     148.9044     262.5218       1.0000
     251.1584     399.5994       2.0000
     301.2788      85.5814       1.0000
     146.1639     281.4823       1.0000
     172.1306     418.8530       1.0000
     179.1973     130.4392       1.0000
     215.6161     545.9515       2.0000
     208.9887     385.9379       2.0000
      86.2308     141.6453       0.0000
     151.9160     230.6089       1.0000
     166.6826     171.4335       1.0000
     167.2233     550.9685       2.0000
     203.1764     166.9038       1.0000
      90.4487     170.0153       0.0000
      94.3503      95.4456       0.0000
     111.6791     318.1360       1.0000
     191.6549     513.3806       2.0000
     233.3915     565.3792       2.0000
      77.7022     108.4822       0.0000
     146.7133     539.0856       2.0000
     163.0982     392.5670       1.0000
      73.2904     -46.4576       0.0000
     222.6175     224.6111       1.0000
     206.0467     128.2416       1.0000
     211.4884     499.3200       2.0000
     257.5474     384.2297       2.0000
      79.2814     132.7258       0.0000
     229.6639     486.4437       2.0000
     161.9370     528.9347       2.0000
     111.3589     189.4262       0.0000
     147.2494     113.6245       0.0000
     228.6541     497.1690       2.0000
     191.1594     366.0063       1.0000
     158.1915     312.5778       1.0000
     160.3004     228.9268       1.0000
     138.9147     373.1107       1.0000
     130.3849     290.5506       0.0000
     155.8913     267.9694       1.0000
     155.8742     305.8867       1.0000
     171.4792     530.7843       2.0000
     240.5589     241.8157       1.0000
     187.9676     238.6224       1.0000
     111.1743     206.6217       0.0000
     119.7960     188.0015       0.0000
     158.4633     379.7510       1.0000
     123.5215     163.1108       0.0000
     174.4506     249.3122       1.0000
      98.2309     217.3437       0.0000
     115.5522     155.9099       0.0000
     137.5353     164.2108       0.0000
     190.0672     488.5875       2.0000
     158.2545     410.4192       2.0000
     118.0558     348.6233       1.0000
     163.4818     347.3662       1.0000
     231.2207     480.2300       2.0000
     182.5866     597.2187       2.0000
     271.6752     186.2873       1.0000
     177.2631     248.5039       1.0000
     199.6262     264.1297       1.0000
     174.1381     248.3759       1.0000
      97.6252     123.2628       0.0000
     211.6530     589.2784       2.0000
     261.0125     394.9162       2.0000
      67.4965      46.8288       0.0000
     124.3117     418.0330       1.0000
     112.4442     368.9966       1.0000
     102.3125     680.4667       2.0000
     229.0429     477.2889       2.0000
     171.9745     200.0926       1.0000
     131.2210     225.3488       1.0000
     182.3778     547.9369       2.0000
      84.2245     189.0741       0.0000
     167.2732     446.8623       1.0000
     183.5416     256.0018       1.0000
     185.0546     572.6049       2.0000
     215.2370     237.0840       1.0000
     103.8360     404.9414       1.0000
     115.0147     112.0810       0.0000
      76.6949     178.6509       0.0000
      78.8483     198.2692       0.0000
     156.4847     475.8330       2.0000
      96.4477     155.5544       0.0000
     156.4722     292.1344       1.0000
     142.3839     367.8983       1.0000
     252.1180     446.4780       2.0000
     277.3484      84.6561       1.0000
     112.5527     117.7767       0.0000
     103.8773     131.9521       0.0000
     118.7863     139.7569       0.0000
      96.0040     153.4079       0.0000
      96.9167     171.6025       0.0000
     262.5354     382.5138       2.0000
     226.2677     499.8907       2.0000
      90.9908      62.0163       0.0000
     262.1491     447.5006       2.0000
     107.2518     123.6889       0.0000
      93.2762      66.7984       0.0000
     211.5002     185.1649       1.0000
     203.8860     302.9534       1.0000
     188.2566     287.9565       1.0000
     249.7731     364.5054       2.0000
      63.1797      69.1448       0.0000
     180.7767     190.1895       1.0000
     141.1010     391.0071       1.0000
     101.1182     119.2982       0.0000
     186.8551     289.6258       1.0000
     261.3181     440.9581       2.0000
      79.4073     156.3095       0.0000
     256.2950     106.7214       1.0000
     191.7100     486.5016       2.0000
      96.1222     128.6740       0.0000
      88.3889      93.2402       0.0000
     158.0595     347.4275       1.0000
     104.6628      33.8093       0.0000
     125.6092     713.9647       2.0000
     117.5263     231.2925       0.0000
     207.7913     546.4519       2.0000
     273.1110     105.2728       1.0000
     108.1331     260.0813       0.0000
      92.3219     104.9195       0.0000
     170.0676     225.6752       1.0000
     175.0259     587.6959       2.0000
     128.8057      88.8233       0.0000
     215.3918     521.1770       2.0000
     111.5940     403.4257       1.0000
     193.3640     514.4562       2.0000
     100.5842      82.0224       0.0000
     146.9150     326.7490       1.0000
     240.3341     433.9538       2.0000
     168.2534     593.5540       2.0000
     244.4612     431.4998       2.0000
     240.3797     422.5838       2.0000
     154.5580     267.1369       1.0000
     169.0830     264.3253       1.0000
     180.9344     213.4645       1.0000
     219.4334     456.2306       2.0000
     197.4242     467.1646       2.0000
     222.5623     452.8658       2.0000
     166.5582     339.3945       1.0000
     147.2388     549.8437       2.0000
     186.8157     283.6852       1.0000
     138.3345     504.6409       2.0000
     122.1477     158.0502       0.0000
     181.9802     273.3312       1.0000
     109.6954     149.2987       0.0000
     133.2675      92.0060       0.0000
     220.7047     472.8872       2.0000
     190.1436     458.6230       2.0000
     199.2523     234.2938       1.0000
     190.2060     252.1143       1.0000
     100.5622      18.3632       0.0000
      98.7946     213.2945       0.0000
     155.5577     456.0301       2.0000
     124.9002     293.4337       1.0000
     241.3287     129.2950       1.0000
     159.0030     572.2756       2.0000
     112.7780     259.1689       0.0000
     164.8017     213.5346       1.0000
     198.4584     245.4148       1.0000
     223.9737     207.6757       1.0000
     202.2736     482.5998       2.0000
     132.0226     381.8889       1.0000
     105.1411     260.0053       0.0000
     179.8735     265.3221       1.0000
     181.9502     445.1549       2.0000
     122.7628     164.2819       0.0000
      67.4304      12.4744       0.0000
     182.3773     519.6297       2.0000
      98.4307     109.2943       0.0000
     208.7305     537.0199       2.0000
     216.5274     211.4941       1.0000
     121.7206     350.0684       1.0000
     107.7103     165.0203       0.0000
     231.2203     599.9239       2.0000
     198.4607     512.0196       2.0000
     252.1104     103.0789       1.0000
      95.3531      98.8648       0.0000
     123.6069     398.9205       1.0000
     123.3371     432.3784       1.0000
      39.1865     -56.8018       0.0000
     203.3415     303.1238       1.0000
      96.0624     173.4841       0.0000
     155.4828     184.7911       1.0000
     224.6337     590.9508       2.0000
     187.9536     208.7818       1.0000
     182.8528     231.4359       1.0000
     203.0790     452.1185       2.0000
      85.6461     165.6684       0.0000
     190.9859      63.7644       1.0000
     181.4077     506.4468       2.0000
     282.3030     314.1857       2.0000
      83.1998      99.4517       0.0000
     138.5128     677.9579       2.0000
      92.2886     176.6986       0.0000
     223.8393     203.7455       1.0000
     146.0148     308.2223       1.0000
     229.9180     475.5785       2.0000
     178.4187     346.7964       1.0000
     224.6836     107.9470       1.0000
     104.9768     152.9902       0.0000
     123.9132     120.6505       0.0000
     167.6916     359.6088       1.0000
     112.1914     190.5905       0.0000
     204.1773     252.8436       1.0000
     174.3120     344.2313       1.0000
     178.5850     302.6905       1.0000
     118.9616      84.7104       0.0000
      80.8259      53.5869       0.0000
     143.8424     316.1175       1.0000
     192.6570     238.9093       1.0000
     112.8723     147.6455       0.0000
      92.7143      99.4507       0.0000
     140.3038     587.5089       2.0000
     167.5698     355.0243       1.0000
     257.5021     416.2502       2.0000
     220.8728     179.7220       1.0000
      96.8678      15.9112       0.0000
     218.2446     201.1980       1.0000
     102.3959     326.5373       1.0000
     249.3678     441.2649       2.0000
     236.9679     411.0118       2.0000
      95.4889     151.9128       0.0000
     177.5652     363.5628       1.0000
      86.1408      99.0990       0.0000
     208.0081     101.1829       1.0000
     222.4764     230.5915       1.0000
      92.4216     112.0264       0.0000
     178.3734     456.3994       2.0000
     143.8767     308.7402       1.0000
     103.3419     120.2330       0.0000
     221.7451     469.3256       2.0000
     265.8850     358.2275       2.0000
     171.7153     462.5550       2.0000
     121.7635     200.2572       0.0000
     213.7654     214.4462       1.0000
     251.2132     370.5522       2.0000
     206.2244     407.4667       2.0000
     252.4639     336.8348       2.0000
     251.2775      80.5124       1.0000
     137.0503     356.8658       1.0000
      93.7973     109.7213       0.0000
     160.6905     437.2128       1.0000
     114.1817     652.9569       2.0000
     129.1030     178.0483       0.0000
      67.4735     389.4167       1.0000
     223.5302     419.1359       2.0000
      99.1107      76.8676       0.0000
     100.2995     168.2892       0.0000
     102.4493      72.5001       0.0000
     116.8246     217.8563       0.0000
      87.3111     436.0528       1.0000
     160.3222     194.5514       1.0000
     242.4507     132.3662       1.0000
     201.8625     526.5812       2.0000
     225.3897     430.7949       2.0000
      98.9843      33.3668       0.0000
     184.8067     185.1093       1.0000
     195.4241     267.3999       1.0000
     183.3373     262.7978       1.0000
     220.6142     271.5649       1.0000
     123.0584     622.4583       2.0000
     115.8800     151.0242       0.0000
     162.6812     350.7783       1.0000
     212.9797     234.6797       1.0000
      82.8277     174.4446       0.0000
     168.1697     217.2384       1.0000
      73.6735     413.8167       1.0000
     106.8876     132.6040       0.0000
      54.5800     178.2290       0.0000
     190.3272     124.2991       1.0000
     196.7594     434.7921       2.0000
     183.8709     417.8848       2.0000
      51.5972     519.2590       1.0000
     248.0907     140.4852       1.0000
      46.8756      31.4601       0.0000
     224.6787     186.9488       1.0000
     219.8026     494.0357       2.0000
     107.6815     460.9670       1.0000
     252.2639     194.6384       1.0000
     164.1959     241.3365       1.0000
     249.6357     363.3177       2.0000
     118.6588     142.6804       0.0000
     162.9797     302.8450       1.0000
     249.5964     381.8353       2.0000
     234.7358     158.6255       1.0000
     166.8060     209.9786       1.0000
     222.0785     179.6845       1.0000
     240.5879     379.6510       2.0000
      85.6163     450.2000       1.0000
     118.9106     126.6512       0.0000
     214.0952     501.9708       2.0000
     211.1574     514.4656       2.0000
     217.1225     428.3915       2.0000
     136.6699     285.2044       1.0000
     101.2327     143.8472       0.0000
     199.6896     532.7085       2.0000
     102.5682      66.3719       0.0000
     225.3032     305.0552       1.0000
     207.4054     423.5074       2.0000
     163.5282     600.3539       2.0000
     164.6445     458.6138       2.0000
     273.1692     399.1696       2.0000
     193.9668     456.6955       2.0000
     109.8113      23.9496       0.0000
     200.8286     229.3487       1.0000
      96.5608      99.3444       0.0000
     206.8400     518.1154       2.0000
      65.3467     101.2740       0.0000
     144.3480     339.0179       1.0000
     150.1012     314.3112       1.0000
     170.8534     169.8663       1.0000
     248.7871      49.3770       1.0000
     104.5320     103.2616       0.0000
     225.1406     132.1411       1.0000
      76.3429      33.7499       0.0000
     171.0917     518.9252       2.0000
     125.0203     427.2184       1.0000
     101.0184     230.6654       0.0000
     172.8200     338.3896       1.0000
     224.5445     533.9215       2.0000
     165.7057     288.1491       1.0000
     206.1781     507.3945       2.0000
     108.3823     117.5621       0.0000
     135.0257     744.8879       2.0000
     164.6774     290.4546       1.0000
     245.2439     145.8481       1.0000
     143.5584     561.5000       2.0000
     166.9282     189.5949       1.0000
      86.4278      77.7485       0.0000
     238.1609     486.9760       2.0000
      87.3760     487.4509       1.0000
     145.8943     191.1078       0.0000
     246.7982     553.9420       2.0000
     148.5519     462.6899       1.0000
      99.5706      15.7681       0.0000
     102.2023     147.3735       0.0000
     228.4140     471.3674       2.0000
     201.4783     256.5146       1.0000
     163.2675     260.4830       1.0000
      90.4589     486.1386       1.0000
     173.8524     277.2466       1.0000
     203.5358     487.6202       2.0000
     225.0822     285.3444       1.0000
     123.7114     300.4333       0.0000
     231.6388     173.4642       1.0000
      99.0754     -53.5389       0.0000
     226.1947     546.4944       2.0000
     157.0062     555.4993       2.0000
     143.9531     224.3094       1.0000
     184.5936     449.6763       2.0000
     188.2850     317.3300       1.0000
     282.2208     363.2764       2.0000
     196.0128     498.1055       2.0000
     129.2724     431.4139       1.0000
      93.3598      40.4190       0.0000
      91.6329     156.1543       0.0000
     149.6440     347.3830       1.0000
     122.1056     146.2323       0.0000
     214.6792     259.1031       1.0000
     199.7520     193.9610       1.0000
     166.6475     257.0430       1.0000
     183.8188     449.9820       2.0000
     143.8766     504.3575       2.0000
     111.2896      40.7347       0.0000
     154.3825     247.1672       1.0000
     189.5330     531.8000       2.0000
     206.9223     299.2185       1.0000
     112.2887     250.5329       0.0000
     132.4794     308.6217       1.0000
     235.7703     490.0683       2.0000
     110.9502     260.2941       0.0000
     133.6708     659.6347       2.0000
      88.6311      57.4853       0.0000
     202.4872     512.9357       2.0000
      95.7483     105.7672       0.0000
     191.8895     264.0939       1.0000
      85.2346      77.6236       0.0000
     115.4415     166.8455       0.0000
     223.2557     229.8734       1.0000
     191.9488     270.6697       1.0000
     162.8796     229.3764       1.0000
     120.7393     423.5102       1.0000
     132.8351     132.6956       0.0000
     229.2659     191.0519       1.0000
     117.4573     171.8412       0.0000
     230.8421     342.0988       2.0000
     177.5731     473.6868       2.0000
     163.0563     265.4024       1.0000
     161.1230     307.3474       1.0000
     225.0200     138.0236       1.0000
     183.5201     292.8233       1.0000
     197.8792     244.0347       1.0000
      77.9354     -12.6195       0.0000
      70.6037      81.1192       0.0000
     117.9671     160.6517       0.0000
      84.0735     180.5057       0.0000
     231.7140     127.3884       1.0000
      94.0496     201.5249       0.0000
     222.8223     213.0711       1.0000
     202.1972     512.4463       2.0000
     183.2005     475.7572       2.0000