     123.4761     130.9871       0.0000
     119.8929     271.8377       0.0000
      94.1402     116.3291       1.0000
      99.4023     138.3160       1.0000
      73.1367     104.6400       0.0000
      94.3830     121.0433       1.0000
     105.6499     120.4961       0.0000
      94.0704     112.2752       1.0000
      99.5781     131.5797       1.0000
      98.5055     135.5243       1.0000
     105.7047     132.2558       1.0000
      66.9634      70.2365       0.0000
     102.8634     133.4950       1.0000
     109.4566     125.6290       0.0000
      96.0225     107.6413       1.0000
     100.5752     126.7315       1.0000
      37.2537     -29.4146       0.0000
     102.7502     137.2933       1.0000
     106.0398     226.9655       0.0000
     102.8860     119.9365       0.0000
      87.7051     113.7360       0.0000
      93.7538     136.9028       1.0000
      99.9689     144.0762       1.0000
     126.7157     221.6309       0.0000
      86.7452      23.6905       0.0000
     100.1673     125.9215       1.0000
     102.3372     112.2945       0.0000
     114.1776     137.1759       0.0000
     105.7965     138.9436       1.0000
     139.1166     207.6936       0.0000
     101.8511     127.6742       1.0000
     101.6685     144.5832       1.0000
      73.9971      81.0602       0.0000
     102.0586     135.3117       1.0000
     125.9142     237.3759       0.0000
     100.7572     122.6919       1.0000
      99.3916     131.7641       1.0000
      94.0046     115.9938       1.0000
      96.9017     122.6862       1.0000
      86.3963      23.0427       0.0000
     104.5528     136.7567       1.0000
      99.5236     151.5851       0.0000
      97.6609     123.7426       1.0000
      85.4332     197.1903       0.0000
      94.9972     120.7019       1.0000
      97.2826      82.2802       0.0000
      79.2571       1.4160       0.0000
      97.6324      63.2580       0.0000
      96.6485     131.3029       1.0000
     110.1257     132.5485       0.0000
      99.5291     139.8327       1.0000
     103.4569     144.5471       1.0000
     102.6154     135.9740       1.0000
      93.7469     103.7445       0.0000
      97.2765     115.0430       1.0000
      95.7059     131.1541       1.0000
     102.7455     126.9850       1.0000
     112.6764     234.6058       0.0000
     110.1687     169.0667       1.0000
      82.2173      51.3462       0.0000
      98.8496     122.3402       1.0000
     115.0931     249.9851       0.0000
      97.0616     112.3375       1.0000
     105.1814     131.5959       1.0000
     103.2177     137.0956       1.0000
     105.3940     153.7717       1.0000
     103.7119     136.1913       1.0000
      94.0775     120.0691       1.0000
      80.1336     114.4930       0.0000
      99.8173     115.0792       1.0000
     107.8327     141.5749       1.0000
      99.3061     137.1764       1.0000
     110.1360     188.6838       0.0000
     101.6639     121.1499       1.0000
     103.6860      85.9818       0.0000
      95.4261     130.6676       1.0000
      73.0784      54.7184       0.0000
      99.0367     124.9514       1.0000
      98.1762     106.9787       1.0000
     108.2657     150.6874       1.0000
      73.7241     148.6072       0.0000
      69.9741      53.2235       0.0000
     105.0776     130.2078       1.0000
     101.4841     115.3152       1.0000
      77.0012      83.8649       0.0000
      96.1850     107.9003       1.0000
      94.6180     127.2473       1.0000
     107.0114     197.7237       0.0000
     104.8008     168.8399       1.0000
      97.5953     111.6465       1.0000
     139.8736     131.8091       0.0000
     107.0244     151.1864       1.0000
      91.6243       0.9318       0.0000
      99.3505     116.5507       1.0000
      92.0514     111.3400       1.0000
      99.8277     127.7553       1.0000
      95.0788     128.9303       1.0000
     125.2942     266.1639       0.0000
     117.3342     214.4815       0.0000
     100.3224     122.6781       1.0000
      93.4188     144.7449       1.0000
      93.5019      27.7871       0.0000
     131.3163     165.6925       0.0000
     108.9062     189.6813       0.0000
     100.3337     133.7113       1.0000
     100.7027     118.9659       0.0000
      97.5860     -39.4537       0.0000
     103.8010      30.4868       0.0000
      62.7390     133.6159       0.0000
      90.2468     174.9986       0.0000
     132.0713     188.3804       0.0000
      93.6518     114.2629       1.0000
      81.1013     131.4999       0.0000
      98.9672     136.9820       1.0000
      99.3561     130.2530       1.0000
     112.6848     166.0693       0.0000
     119.6925     167.1982       0.0000
     100.3976     148.7872       1.0000
      92.8671     135.6664       1.0000
      58.9331      67.1751       0.0000
     104.8515     116.6415       0.0000
      91.8749     190.3557       0.0000
      83.8995     101.5083       0.0000
      73.2297     130.4253       0.0000
     105.1704     149.0677       1.0000
     110.5097     104.8448       0.0000
      92.3806     113.7828       1.0000
     108.9034     163.0305       0.0000
     116.4427      71.2724       0.0000
     112.9300     143.7765       1.0000
     104.0882     143.3054       1.0000
      92.7626     121.2548       1.0000
      97.9503      -6.9592       0.0000
     128.5981     199.6576       0.0000
     101.4620     153.0167       0.0000
      63.8703       8.6136       0.0000
      97.7976     122.4752       1.0000
      76.3208      -2.2823       0.0000
     139.9983     301.6453       0.0000
      99.9384     136.2622       1.0000
      97.8779     138.1658       1.0000
      97.7634     122.9432       1.0000
      99.7082     134.5584       1.0000
     105.5524     150.3957       0.0000
      83.4973       1.6419       0.0000
      74.8110      76.0243       0.0000
     102.0329     143.7879       1.0000
     105.1735     155.6697       0.0000
      99.4668     122.9116       1.0000
      83.8306      79.0831       0.0000
      73.0902     198.1154       0.0000
      96.9237     145.3364       1.0000
     102.7060      90.3887       0.0000
      81.5374     149.4963       0.0000
     102.6361      95.2911       0.0000
      96.1305     142.9654       1.0000
     134.8875      52.3069       0.0000
     113.6784      90.9921       0.0000
     104.9907     124.8993       1.0000
      81.7377      85.8887       0.0000
      94.7152     119.2288       1.0000
      94.6655     125.1650       1.0000
      96.0799     140.6371       1.0000
     131.7606      72.3273       0.0000
     116.0964     143.7065       0.0000
      97.4015     121.6625       1.0000
     128.1276     125.9166       0.0000
     115.4697     195.6381       0.0000
     110.1255     232.1710       0.0000
     102.4187     144.1441       1.0000
      93.5876      96.0742       0.0000
      95.2132     181.2176       0.0000
      95.4362     123.6936       1.0000
      95.7182     115.6328       1.0000
     136.6634     191.7809       0.0000
     104.5065     126.8826       1.0000
     111.5019     132.1299       1.0000
      86.2739      67.3672       0.0000
     103.0713     179.7187       0.0000
     101.1187     132.8124       1.0000
     129.9725     150.0986       0.0000
      81.3817      78.3482       0.0000
      94.1133     122.1961       1.0000
      99.3778     124.4061       1.0000
     119.5098     139.8766       0.0000
      97.4031     124.6920       0.0000
      71.8643      21.6829       0.0000
      96.1195     132.8599       1.0000
     100.5156     181.3968       0.0000
      97.9785     117.2092       1.0000
      93.8776     162.0503       0.0000
      96.2467     107.1191       0.0000
     116.9497     170.5057       0.0000
      93.4500     114.6638       1.0000
      96.8784     123.6513       1.0000
      95.9233     127.8740       1.0000
     132.5271     211.3542       0.0000
     102.3998     133.5482       1.0000
      97.1201     120.1714       1.0000
      89.1413      56.5766       0.0000
     116.0045     131.4869       0.0000
     102.9925     111.5604       1.0000
      70.5226      76.1210       0.0000
      80.3668      42.2268       0.0000
     100.9280     141.9012       1.0000
      95.1008     115.6654       1.0000
     105.9805     142.3816       1.0000
     102.7150     134.6787       1.0000
      98.7671     120.8763       1.0000
     112.3694     141.7104       0.0000
     132.7550     141.9526       0.0000
     108.9805     140.0970       1.0000
     102.0387     116.8782       0.0000
      98.3117     123.1597       1.0000
      92.3234     113.4305       1.0000
     103.7025     124.0924       1.0000
      79.1328      96.3822       0.0000
      65.9165      12.2203       0.0000
      70.6957     102.7545       0.0000
      94.4649     101.2852       0.0000
      81.1665     128.3091       0.0000
     102.9474     119.5565       1.0000
      94.2550     123.0251       1.0000
      98.0450     133.5235       0.0000
      96.4259      81.6707       0.0000
      98.3645     127.3987       1.0000
     104.8685     144.2144       1.0000
     118.8567     209.3880       0.0000
      94.2461     133.8040       1.0000
      87.5466     175.4868       0.0000
     112.6471     138.5337       0.0000
      74.5288     124.3452       0.0000
      92.8504     129.2279       0.0000
      54.0367     202.2418       0.0000
     102.5746     132.8520       1.0000
      89.3170     119.1088       1.0000
      92.2962      73.7723       0.0000
     147.0682     263.5999       0.0000
      79.3896     134.2528       0.0000
     106.5508     138.1543       1.0000
      98.7142     126.0465       1.0000
      96.0439     137.9634       1.0000
      97.6144     113.1312       1.0000
     106.0079     139.3430       1.0000
     124.0308     164.9657       0.0000
     103.1583     138.1766       1.0000
     103.6203     137.1059       1.0000
     100.9692     138.4185       1.0000
     103.8479     119.2685       1.0000
      76.7702      19.8114       0.0000
      88.3944     103.0835       1.0000
      96.4049     167.5416       0.0000
      97.3460      80.7783       0.0000
     102.0575     130.0922       1.0000
     109.9410     135.1328       1.0000
     142.0133     282.5447       0.0000
     114.7949      84.5615       0.0000
      87.0327      84.0678       0.0000
     100.9366      52.5884       0.0000
     108.0348     121.2791       0.0000
     119.8053     194.3724       0.0000
      86.9812     255.1945       0.0000
      98.1767     120.7258       1.0000
     105.6801     130.4699       1.0000
     112.5486      98.5810       0.0000
     104.1224     154.2160       0.0000
      93.2276     127.3844       1.0000
     105.2245      71.6311       0.0000
      95.2732     109.4838       1.0000
     133.5417      91.8334       0.0000
      94.6739     127.3193       1.0000
     109.1533     210.5405       0.0000
      88.2440     127.0240       1.0000
      93.9159     117.2720       1.0000
     105.4093     130.3743       1.0000
      95.0240     190.2012       0.0000
     125.5501     161.8160       0.0000
      86.4725     160.7301       0.0000
      62.3698      84.4477       0.0000
      98.1769     122.8265       1.0000
     101.1672     133.0573       1.0000
      75.0690      29.6732       0.0000
     101.0267     128.3179       1.0000
      98.9353     147.8703       1.0000
     108.2081     110.4024       0.0000
      96.9382      60.1766       0.0000
      97.1635     125.1160       1.0000
      90.9064     186.9825       0.0000
     101.8880     133.6846       1.0000
     104.3237     140.6838       1.0000
     101.4791     116.5330       1.0000
      99.2268     135.1126       1.0000
     130.6076     177.8813       0.0000
     105.9294     143.7595       1.0000
      81.1240     204.8129       0.0000
      98.9079     126.9925       1.0000
     117.9932       4.9830       0.0000
     113.0897      42.9189       0.0000
      97.0948     129.6215       1.0000
     133.4322     154.0898       0.0000
     100.4017     147.1965       1.0000
     120.1151     161.5413       0.0000
     102.4550     147.2172       1.0000
     107.2862     153.3087       1.0000
      98.0203     125.7141       1.0000
     105.5110      96.8649       0.0000
      99.0635     102.7688       0.0000
      99.3978     133.4875       1.0000
     105.0490     143.2138       1.0000
     124.4991     123.5679       0.0000
     101.3900     118.2466       1.0000
     112.9058     154.1796       0.0000
      90.6199     112.7012       1.0000
     102.3787     129.0885       1.0000
     102.2569     142.5980       1.0000
     118.7749      58.1597       0.0000
     136.3710     229.6794       0.0000
     105.3895     167.0557       1.0000
     105.3073     139.9454       1.0000
      99.5528     139.1137       1.0000
     108.7174     125.6408       1.0000
     104.8338     130.1707       1.0000
      94.3739     127.9420       1.0000
     117.4180     185.2814       0.0000
     101.1858     127.7801       1.0000
      98.4957     136.7902       1.0000
      80.3093     113.1446       0.0000
     102.2590     139.3694       1.0000
      93.1263     118.9364       1.0000
      92.5220     126.4420       1.0000
     100.1896     128.8158       1.0000
      99.2133       6.8354       0.0000
     113.4201     166.0626       0.0000
     109.1641     138.2175       1.0000
      70.1582     171.3184       0.0000
      83.4583     225.9274       0.0000
     104.8835       7.3857       0.0000
     107.9543      43.5571       0.0000
     115.6391     167.0104       0.0000
     122.1567     208.4753       0.0000
      89.9524      91.0080       0.0000
     102.0067     138.2465       1.0000
      83.9973     169.8292       0.0000
      99.9470     142.2151       1.0000
      93.9625     124.7598       1.0000
     104.3269     116.8310       1.0000
      93.9247      46.3583       0.0000
     100.3133     146.2698       1.0000
      92.2394     147.2278       0.0000
      96.4074     113.4828       1.0000
     132.2232     294.6175       0.0000
      58.1708      85.8053       0.0000
     109.5771     170.0740       0.0000
     128.2578     178.0146       0.0000
     103.6153     143.6789       1.0000
      88.9620     107.7443       0.0000
      90.2451     167.1069       0.0000
      88.7555     107.2704       1.0000
      87.1787     197.7015       0.0000
     103.2872     125.8051       1.0000
     101.2762     150.1620       1.0000
      98.5989     130.2036       1.0000
      96.3948     124.0825       1.0000
      51.9927     124.0388       0.0000
     109.4407     155.0573       1.0000
      94.7644     113.4557       1.0000
      89.3026     113.0103       1.0000
     102.5271     135.8877       1.0000
      61.8280       4.1845       0.0000
     136.3495     285.3512       0.0000
      92.6971     122.6586       1.0000
      93.0591      98.1398       0.0000
      83.7296      -8.7621       0.0000
     103.1548     194.1842       0.0000
      99.9569     123.3062       1.0000
     100.4056     132.4400       1.0000
      97.0412     135.3685       0.0000
     110.2774     259.8684       0.0000
     151.6540     263.1842       0.0000
     103.6585     136.2849       1.0000
     101.5398     123.2826       1.0000
      98.7323     122.9062       1.0000
      87.6350      73.0730       0.0000
      86.1299     -59.6404       0.0000
     123.2484     219.0501       0.0000
      98.9734     149.1270       1.0000
     107.3731     139.3134       1.0000
      89.5663     161.2653       0.0000
     107.1867     130.2329       1.0000
      91.5869     134.9308       1.0000
      92.5240     124.3009       0.0000
     121.0836     164.3617       0.0000
      43.7639     128.1087       0.0000
     117.7110     177.7171       0.0000
      93.2227     108.0973       1.0000
     102.9909     131.7602       1.0000
      81.0950     156.1825       0.0000
     102.9742     133.2063       1.0000
     102.9284     136.1961       1.0000
      96.2007     125.6439       1.0000
     143.6677     209.5562       0.0000
      89.9040     130.7730       1.0000
      98.1918     130.4943       1.0000
     102.8711      64.2408       0.0000
     116.1244      84.2527       0.0000
     101.7865     129.5130       1.0000
      92.8867     119.7633       1.0000
     125.7586     157.4054       0.0000
      82.4090      26.9638       0.0000
     119.6874     104.1690       0.0000
      57.2457      82.1460       0.0000
      95.8066     128.8467       1.0000
      99.0191     131.5155       1.0000
     102.5721     144.6862       1.0000
     110.8590     144.1844       1.0000
      64.8111      28.2006       0.0000
     102.2418     127.6952       1.0000
      96.9496     164.7617       0.0000
     103.1436     130.0821       1.0000
      78.8978     145.0904       0.0000
     104.4914     110.4818       0.0000
     114.8565      30.9206       0.0000
      97.1293     132.4365       1.0000
      98.3894     122.0545       1.0000
     100.0660     127.5222       1.0000
     110.6557     125.6851       0.0000
     107.0886     145.5947       1.0000
      96.2554     119.7420       1.0000
      94.9898     122.3439       1.0000
     100.6338     114.2100       1.0000
     104.6377     140.9958       1.0000
      87.3052     165.2786       0.0000
     106.1727     144.2600       1.0000
      70.5564     175.5292       0.0000
      92.6028      81.1809       0.0000
     132.3095     126.5581       0.0000
     106.4802     166.3505       0.0000
     129.8880     121.4540       0.0000
     100.2624     131.7802       1.0000
     116.3220      66.1131       0.0000
      75.8851      41.3509       0.0000
     110.3188     133.3530       1.0000
      94.7173     144.4986       1.0000
     121.6445     109.9769       0.0000
      84.5383     102.8762       0.0000
     111.4131     154.5154       1.0000
     111.3279     178.4569       0.0000
     131.6320     176.5937       0.0000
      97.1389     119.7158       1.0000
     105.4670     146.2597       1.0000
     153.8638     227.7263       0.0000
      89.9211      99.6145       1.0000
     116.3464     252.9587       0.0000
      99.5340     144.9087       0.0000
     119.8747     186.0391       0.0000
     104.4679     138.9558       1.0000
     106.5077     141.7083       1.0000
     102.5589     136.3770       1.0000
     116.1721     184.1529       0.0000
      99.9391     117.4790       1.0000
     100.7551     124.0281       1.0000
     153.9107     190.0790       0.0000
      98.9472     123.5720       1.0000
     107.0197     140.3847       1.0000
      86.3432       9.6522       0.0000
      76.8969     103.5188       0.0000
      98.9516     177.6602       0.0000
     128.8404     118.1083       0.0000
     101.5384     125.1830       1.0000
     100.0253     124.4086       1.0000
      98.0323     116.8721       1.0000
     101.9696     183.6281       0.0000
     100.5966     133.4216       1.0000
      78.5227      85.1239       0.0000
      97.1873     131.5626       1.0000
      95.3116     134.0150       1.0000
      90.0834      85.9288       0.0000
     107.8935     154.5492       0.0000
     100.3388     130.7197       1.0000
      94.4763     120.8336       1.0000
     114.6911     146.7047       1.0000
      91.4592      25.8875       0.0000
      96.3208     112.5781       1.0000
      89.4045     119.8440       1.0000
      98.1127     116.8972       1.0000
     100.2930     141.5714       1.0000
     103.7158     124.8227       1.0000
     118.9486     138.6360       0.0000
     103.4742     131.1537       0.0000
     102.4663     132.2445       1.0000
     108.2371     140.2939       1.0000
     106.4854     133.1274       1.0000
     104.9376     136.3333       1.0000
     132.3953     191.4566       0.0000
      91.6691     113.8792       1.0000
     131.8890      78.1569       0.0000
     101.6844     136.6345       1.0000
     135.0754     151.5191       0.0000
     105.1458     147.7649       1.0000
     103.7825     124.5613       1.0000
      84.5737      96.3912       1.0000
      96.2411     136.3261       0.0000
      61.6682     117.5805       0.0000
     101.4313     132.6961       1.0000
      98.7563     108.5026       1.0000
     101.2953     120.4142       1.0000
     100.6014     129.2068       1.0000
     135.0386     157.3716       0.0000
     104.5158     150.2922       1.0000
     101.0643     126.9068       1.0000
     108.0450     144.7197       1.0000
      96.6780     165.9821       0.0000
      95.5400     121.9254       1.0000
      96.8605     117.6475       1.0000
     102.0508     148.9465       1.0000
      93.8457     114.1335       1.0000
      98.8821     135.9423       1.0000
      83.4633      46.3029       0.0000
     115.2244     199.5105       0.0000
      95.9387     116.9177       1.0000
      97.6225     213.6627       0.0000
     120.5755     131.6320       0.0000
     121.5677     139.4193       0.0000
      84.0700      60.4400       0.0000
      97.1005     132.5315       1.0000
     117.1217     111.4605       0.0000
     102.8758     145.7733       1.0000
     103.0200     117.1524       1.0000
     102.6668     150.7414       1.0000
      76.7666     121.3939       0.0000
      97.1725     132.5716       1.0000
     102.2052     132.6678       1.0000
      90.9324      71.1558       0.0000
     116.4537      94.8746       0.0000
     111.5440     149.2309       1.0000
     106.4319     331.6167       0.0000
      95.1386     101.3258       1.0000
     126.9078     184.1556       0.0000
      85.8619     164.0158       0.0000
      99.0779     125.7480       1.0000
     110.0674      82.7061       0.0000
      95.6116     127.7184       1.0000
     108.1526     126.6792       1.0000
      89.6022      82.5408       0.0000
      97.2833     141.7023       1.0000
     119.1223     192.4695       0.0000
      95.8963     138.0661       1.0000
      95.1734     125.6901       1.0000
      99.2581     125.4564       1.0000
     105.9503     148.8645       1.0000
     100.1071     148.1690       1.0000
     106.0636     136.3376       1.0000
      72.2056     119.3040       0.0000
     101.3029     116.7206       1.0000
      95.4412     138.2221       1.0000
     104.0043     120.7083       0.0000
      86.7933     119.3288       1.0000
      99.1673     141.1835       0.0000
     105.8432     134.8815       1.0000
      97.3604     118.1859       1.0000
      82.9022     145.9950       0.0000
     128.1945     193.0937       0.0000
      97.6197     119.1201       1.0000
     102.2655     125.3299       1.0000
      98.9377      59.4628       0.0000
     111.5445     107.9020       0.0000
     105.6478     183.9645       0.0000
      91.3883     133.4285       0.0000
     106.5999     123.0918       1.0000
     105.8652     139.7539       1.0000
     105.7712     138.7583       1.0000
      95.2948     123.8990       1.0000
     111.5427      56.0706       0.0000
      98.6681     139.1571       1.0000
     108.9871     129.0761       1.0000
     104.9397     131.5704       1.0000
     120.2493     177.6638       0.0000
     138.6361     275.2620       0.0000
      99.8747      94.1789       0.0000
     108.2430     135.4563       1.0000
      85.9568     252.9146       0.0000
     107.2282     137.6891       1.0000
     100.9088     142.4444       1.0000
     131.0072     260.2072       0.0000
     103.2638     119.6432       0.0000
     101.9162     138.2008       1.0000
     103.8540     137.5542       1.0000
     100.5923     120.4280       1.0000
     108.3531     141.1890       1.0000
      98.9593     124.9055       1.0000
      99.2182     126.3912       1.0000
      91.2316     124.8949       0.0000
     107.1891     131.5665       1.0000
      96.4238      96.3329       0.0000
      95.2361     123.5509       1.0000
     103.2640     139.8199       1.0000
     102.2854     114.8883       1.0000
      97.6572     114.0007       1.0000
      96.2294     149.3921       1.0000
     106.5124     125.0138       0.0000
      87.7855     107.8163       0.0000
     101.1066     155.4049       1.0000
      95.2898     118.1619       1.0000
      95.6073     120.8871       1.0000
     100.0777     189.9895       0.0000
     107.1000     188.9684       0.0000
     123.0266     111.7908       0.0000
     103.9740     110.6159       1.0000
      99.2709     130.9136       1.0000
      98.7467     102.6473       1.0000
     122.0128     218.0182       0.0000
      93.8331     104.0949       1.0000
     131.1610     163.0873       0.0000
     102.8260     128.9052       1.0000
     101.3308     117.9822       0.0000
     103.9780     128.2557       0.0000
     104.2907     164.9286       0.0000
     132.7268     217.2572       0.0000
     111.9032     194.9337       0.0000
      91.8364     123.9422       1.0000
     125.4932     202.6072       0.0000
     102.7166     239.4462       0.0000
     103.4369     149.4258       1.0000
      94.4742     115.5839       1.0000
     115.4625     228.5498       0.0000
      99.8489     130.3479       1.0000
     103.8243     133.9297       1.0000
     102.9217     143.2691       1.0000
      99.4972     135.2046       1.0000
     103.1831     151.4431       1.0000
      94.0418     131.4934       1.0000
     102.2472      89.8098       0.0000
      99.7659     130.3761       1.0000
      98.4682     121.7899       1.0000
      91.8519     128.8914       1.0000
     121.3040     156.6511       0.0000
      99.7437     134.9721       1.0000
     105.8230     145.5609       1.0000
      58.3115      35.7693       0.0000
     101.4366     -18.8893       0.0000
     103.6405     131.9347       1.0000
     101.0917     147.1150       1.0000
      97.9409     134.8655       1.0000
      95.4810     118.3315       1.0000
     112.7229     136.4278       1.0000
     107.4317      83.9269       0.0000
     123.8472     123.2424       0.0000
      95.0501     121.1743       1.0000
      98.8073     141.0324       1.0000
     103.0499     146.5226       1.0000
      88.7240     280.3486       0.0000
      98.9594     126.4902       1.0000
      99.2898     133.8408       1.0000
      92.6806      87.5934       0.0000
     107.1918      74.5505       0.0000
     102.1137     138.3022       1.0000
     103.1075     143.3131       1.0000
     110.6976     222.8914       0.0000
     115.0656     111.9254       0.0000
      91.9388     194.6373       0.0000
     110.4523     183.7727       0.0000
      77.3079      59.6005       0.0000
     101.1985     157.1021       0.0000
      87.1217     129.4986       0.0000
      91.7891      95.9015       0.0000
     105.5128     121.7719       1.0000
     106.8739     251.6457       0.0000
     131.9495     139.7177       0.0000
     127.6840     112.0561       0.0000
     101.0482     141.1431       1.0000
      95.4845     120.1053       1.0000
      93.2179     103.0455       1.0000
     103.9244     214.0795       0.0000
     114.7231     162.2022       0.0000
     108.2839      23.9006       0.0000
     101.3223     140.1488       1.0000
      95.5745     108.0736       1.0000
      77.5900     143.7796       0.0000
      93.8047     132.4123       1.0000
      95.4519     138.4630       1.0000
     122.2812     151.3643       0.0000
      99.7811     123.8413       1.0000
     131.1994     215.8464       0.0000
      98.2372     125.6603       1.0000
      56.7726      96.4700       0.0000
     117.2040     258.3174       0.0000
      92.9866     121.7341       0.0000
     100.5928     132.4038       0.0000
     104.7823     133.3255       1.0000
      99.3499     141.5533       1.0000
      99.9745     139.5216       1.0000
      85.7323     130.2486       0.0000
     101.1834     121.2040       1.0000
     102.0759     133.2503       1.0000
     101.7706     132.1055       1.0000
      72.9920     124.4730       0.0000
      85.1200     260.2060       0.0000
     107.0093     136.0770       1.0000
      86.4132      84.0037       0.0000
     105.9104      96.2580       0.0000
     106.5950     149.2756       1.0000
     112.9641     155.5343       0.0000
     105.6492     186.0908       0.0000
      94.2921     103.7322       1.0000
     111.1958     140.0853       0.0000
     108.3980     142.6984       1.0000
      87.5188     181.3834       0.0000
     102.5474     141.7884       1.0000
     101.7004     148.8819       1.0000
     105.1154     184.9512       0.0000
     105.9700     134.5091       0.0000
      88.1440     166.3249       0.0000
      94.3964     120.1834       0.0000
     136.8981     144.5602       0.0000
      93.1008     126.2301       0.0000
     112.1003     160.2782       1.0000
     122.6762      45.5607       0.0000
      98.6499     145.9218       1.0000
     101.7837     138.2142       1.0000
     127.1151     159.9685       0.0000
      83.1210      61.3698       0.0000
     121.4663     236.1299       0.0000
     111.5661     146.0364       1.0000
     128.2605     129.3199       0.0000
     108.7291     178.1930       0.0000
     101.1353      83.9033       0.0000
     105.3251      79.4867       0.0000
      99.3902     115.0136       0.0000
      74.6903      66.5593       0.0000
     102.4001     132.7727       1.0000
      96.0850     171.8875       0.0000
      99.0361     135.3299       1.0000
      98.3327     125.5073       1.0000
     105.3115     118.2502       1.0000
     114.8507     140.3938       1.0000
     108.2732     131.3686       1.0000
      93.1424     127.9473       1.0000
     106.6827     134.1195       1.0000
      89.4592      35.3432       0.0000
     108.6242     264.8251       0.0000
     114.8261      83.4537       0.0000
      99.9268      36.1192       0.0000
     103.9291     117.8046       1.0000
      84.7768     109.0892       0.0000
     137.3928     119.8615       0.0000
      95.9354     128.4344       1.0000
      99.2498     141.2950       1.0000
     104.3093     156.5557       1.0000
      74.0292      70.7012       0.0000
      77.6631      -8.6742       0.0000
     101.8291     139.8887       1.0000
     112.8673     152.4896       0.0000
      65.7239     102.6490       0.0000
     119.6854     272.8821       0.0000
     149.8993      66.4113       0.0000
     116.9280     148.8175       0.0000
     103.8553     145.6695       1.0000
     106.8520     124.9739       1.0000
     100.2692     127.2790       1.0000
      92.0063     115.5372       1.0000
     100.0169      73.5836       0.0000
     100.8410     119.2832       1.0000
     106.1028     122.6390       1.0000
      97.5094     115.9617       1.0000
      67.9400     130.9206       0.0000
     131.8246     314.5076       0.0000
      99.6592      93.4244       0.0000
     100.0608     135.2364       1.0000
     102.4727     150.7021       1.0000
      81.1168      36.8909       0.0000
     101.3281     121.1774       1.0000
     101.5750     131.2639       1.0000
      98.3344     129.8502       1.0000
      88.5388     127.2768       0.0000
     107.4464     135.5319       1.0000
     130.9537     135.1104       0.0000
      95.4574     122.7978       1.0000
      99.9259     130.3266       1.0000
      86.5630      92.2917       0.0000
     109.9453     179.7529       0.0000
     105.3261     109.1554       0.0000
     102.3606     123.3678       0.0000
     114.4281     164.2753       1.0000
     100.1290     145.4283       1.0000
     107.4275      32.6291       0.0000
      91.9628     106.9692       1.0000
     134.4636     240.9667       0.0000
      81.4578      80.1440       0.0000
      75.3516     111.7168       0.0000
      67.9443     122.2083       0.0000
      96.9163     114.4506       0.0000
     100.3492     143.1725       1.0000
     101.7589      91.7660       0.0000
      85.8221      63.1072       0.0000
     101.0562     149.4974       1.0000
     101.3537     136.6924       1.0000
     101.9773     216.3834       0.0000
     102.0135     172.3414       0.0000
     102.5779     131.0065       1.0000
      98.3972     122.3186       1.0000
     104.9218     130.2223       0.0000
      91.4985     111.4631       1.0000
     103.1080     142.6861       1.0000
     100.7416     141.1625       1.0000
     101.2845     214.9663       0.0000
      99.1228     123.8268       1.0000
      97.9124     134.2926       1.0000
      99.7808     111.7027       1.0000
      95.4361     118.4626       1.0000
      98.4842     120.3849       1.0000
      93.0929     121.1603       1.0000
     107.2383     128.9489       1.0000
      94.5329     129.3600       1.0000
     109.3550     269.3441       0.0000
     103.9133     139.9337       1.0000
      93.8410      40.0456       0.0000
      93.0951     108.9560       0.0000
     131.4632     103.4919       0.0000
      62.8578     132.6931       0.0000
      96.4183     124.6162       1.0000
      95.1767     126.2301       1.0000
      95.3326     146.8438       1.0000
      92.8612     120.1226       0.0000
     103.9475     114.2175       1.0000
     125.6054      96.1473       0.0000
     101.7794     123.0471       1.0000
     101.8695     129.2089       1.0000
      91.3088     121.3980       1.0000
      96.2992     146.7999       1.0000
     102.5257     122.8765       1.0000
     108.5136     203.5553       0.0000
     115.7718     175.4414       0.0000
     108.6241     132.5524       1.0000
     101.1671     133.1963       1.0000
     130.3420     173.7925       0.0000
      92.6937      66.8874       0.0000
     108.4974     113.0017       0.0000
      96.5079      94.6073       0.0000
      85.4504     154.1806       0.0000
      67.5025      66.0830       0.0000
     110.3316     134.3836       0.0000
     109.8492     144.7606       0.0000
      96.4395     240.4614       0.0000
      95.4541     114.2262       1.0000
      87.2878     139.9825       0.0000
      93.2501     106.0856       1.0000
     101.4822     189.7384       0.0000
      94.6504     125.0109       1.0000
     101.8077     119.9138       1.0000
     102.6439     137.4003       1.0000
      92.6102     114.6995       1.0000
      69.0315     169.2675       0.0000
     116.4028     112.3703       0.0000
     100.3195     136.9934       1.0000
      86.1405     109.7485       0.0000
     105.0940     135.3623       1.0000
     105.5114     132.7706       1.0000
     137.9079     189.2162       0.0000
      98.9557     112.4434       1.0000
     112.0479     102.4153       0.0000
      98.1858     122.6880       1.0000
     137.3101     204.4729       0.0000
     106.5500     133.8344       1.0000
     101.3167     137.6924       1.0000
     114.6894     146.3079       1.0000
     101.9078     143.0498       1.0000
      80.6871      35.2991       0.0000
     104.0902     114.3398       1.0000
     100.4944     137.2929       1.0000
     116.1675     201.7006       0.0000
     104.2368     130.4331       1.0000
     144.8860     220.4664       0.0000
      65.3781      89.7699       0.0000
     100.2651     120.0479       0.0000
     110.3793     137.8699       1.0000
     100.8660     183.9044       0.0000
      93.8264      46.5656       0.0000
     120.3118     193.9894       0.0000
      84.6905      91.6037       0.0000
      96.4339     119.3149       1.0000
     111.8937     153.4833       1.0000
      89.4104      32.8170       0.0000
     106.5497     101.0691       0.0000
     101.5147     117.4723       1.0000
      94.9440     121.7886       1.0000
      98.3383     142.7118       1.0000
     118.5197     143.7182       1.0000
     105.6281     139.2521       1.0000
      97.0745     113.5356       1.0000
     110.6939     117.7986       0.0000
      99.2778     140.5776       1.0000
      95.2096     125.5084       1.0000
     111.1521     141.1658       1.0000
      97.3602      87.6459       0.0000
      98.4455     131.8098       1.0000
      91.7025     152.8271       0.0000
      60.8319      87.5358       0.0000
     117.6907     199.8313       0.0000
      93.1888     109.5252       1.0000
     100.4140     123.4882       1.0000
      85.3073     146.0371       0.0000
      63.0885     169.4551       0.0000
      81.6666      37.4584       0.0000
     114.7004     231.3267       0.0000
      74.5329      42.1209       0.0000
      81.8436      87.5025       0.0000
     106.9286     247.4132       0.0000
      98.5278     138.8497       1.0000
     102.7862     131.3515       1.0000
     101.9188     127.0877       0.0000
      97.3470     131.9397       1.0000
     113.0444      74.8388       0.0000
      88.2876     112.8397       1.0000
      99.5305     136.6342       1.0000
     137.0152     104.9148       0.0000
     114.9702     235.2443       0.0000
     113.3897     208.6450       0.0000
     111.2094     148.2697       1.0000
      99.8908     135.5702       1.0000
      79.9016     106.2830       0.0000
     100.8738     139.8859       1.0000
     100.9113     141.4010       1.0000
      99.6255     135.7171       1.0000
      96.8500     134.5872       1.0000
      87.4601     112.9519       1.0000
     111.9556     171.4968       0.0000
      99.9735     121.1321       1.0000
      94.5477     137.0485       1.0000
      96.0672     -36.2208       0.0000
      97.2657     161.4154       0.0000
      92.0208     116.1532       1.0000
      77.7169      58.0126       0.0000
      94.7999     119.7038       1.0000
     102.5332     119.0133       1.0000
      97.8596     229.5876       0.0000
      89.3812     122.8827       1.0000
      97.9744     137.5319       1.0000
      91.5795      34.8068       0.0000
      99.9105     136.5395       1.0000
     101.5678     125.4050       1.0000
      97.5898     137.2624       1.0000
      96.9726     125.1492       1.0000
     107.5745     121.9203       0.0000
      98.4263     124.3662       1.0000
      98.3316     135.9451       1.0000
     109.9988     194.8991       0.0000
      91.8132     125.3367       1.0000
      87.9775     170.0012       0.0000
      94.6816     138.0619       0.0000
     102.2613     141.0580       1.0000
     100.4347     133.3141       1.0000
      94.8137     114.0407       1.0000
     103.2305     136.8105       1.0000
     100.9796     136.9730       1.0000
      97.5570     126.0292       0.0000
      97.3675     149.6021       1.0000
      77.7481     139.6092       0.0000
     106.8330     155.7982       1.0000
      94.4265     116.5864       1.0000
     116.0654     -43.1488       0.0000
     107.7386      20.6343       0.0000
     102.3269     153.1888       1.0000
      78.1920      83.6541       0.0000
      64.7218     201.8510       0.0000
      90.6515     118.2795       1.0000
      97.7787     129.0841       1.0000
     102.3044     109.7656       1.0000
      99.6391     188.0296       0.0000
     104.3702     146.6056       1.0000
     105.2465     139.5857       1.0000
     105.3000     132.0094       1.0000
      99.5861     133.6807       1.0000
      92.6366     106.4806       1.0000
     102.1543     132.5574       1.0000
     101.4704     124.6463       1.0000
      99.9602     127.7844       1.0000
     118.3880     169.7769       0.0000
      86.3693      13.5024       0.0000
     100.5449     135.7925       1.0000
     114.3600     169.4860       0.0000
      86.3202     136.6463       0.0000
     103.2484     140.6997       1.0000
     106.4064     144.7905       1.0000
      99.1012     114.0092       1.0000
      98.4317     126.8295       1.0000
     143.9601     269.8450       0.0000
     100.5071     114.4751       1.0000
     108.2776     129.7006       1.0000
     106.8229     146.1980       1.0000
     101.8145     147.5558       1.0000
     105.1662     173.8076       0.0000
     102.9484     138.2166       1.0000
      86.6315     107.3667       0.0000
      98.8439     132.6902       1.0000
      93.6403     108.2928       1.0000
     101.1288     135.7593       1.0000
     107.8450     147.1971       1.0000
     100.2233     266.7588       0.0000
     119.6530     147.9790       0.0000
      74.2098       3.8022       0.0000