       140        50        48        45        64      1.28         2
       140        53        48        48        65      1.44         2
       170        56        40        59        62      1.33         3
       150        69        53        67        61      1.24         3
       230        64        51        63        61      1.38         3
       150        49        53        57        62      1.25         2
       210        53        59        55        62      1.34         3
       140        58        49        55        61       1.3         2
       140        49        41        46        61      1.25         2
       130        58        53        40        62      1.23         3
       180        51        41        57        61      1.28         3
       140        69        71        48        62      1.25         3
       140        66        65        74        63      1.23         2
       120        62        45        51        64      1.05         2
       140        50        52        48        62      1.21         2
       160        71        59        72        61       1.3         3
       160        71        61        65        62      1.37         3
       140        42        39        38        63      1.23         2
       130        73        49        65        64      1.18         2
       130        53        47        49        62      1.25         2
       140        60        43        40        61      1.27         2
       140        64        49        59        64      1.07         2
       130        69        59        59        62      1.25         2
       130        62        43        57        62      1.15         3
       140        66        41        57        62      1.23         2
       140        75        45        70        63      1.23         2
       140        68        36        48        61      1.25         2
       140        44        45        53        61      1.23         2
       140        64        47        61        62      1.28         3
       140        64        47        61        62      1.32         3
       140        80        57        65        63       1.3         3
       140        89        64        70        62      1.23         3
       125        77        69        76        63      1.23         3
       120        80        72        57        62      1.26         3
       150        53        40        57        60      1.27         2
       140        53        43        34        63      1.25         2
       125        65        40        43        64      1.27         2
       180        53        25        44        61      1.33         3
       160        44        38        38        65      1.28         3
       170        62        57        57        62      1.28         3
       180        58        55        44        62       1.3         3
       170        73        59        67        62      1.25         3
       140        71        62        59        62      1.38         3
       170        68        52        57        62      1.52         3
       160        56        40        54        61      1.38         3
       160        56        57        48        60      1.36         3
       150        73        65        68        63      1.34         3
       120        51        43        49        62      1.23         3
       190        73        59        67        62       1.3         3
       140        58        65        41        63       1.3         3
       140        71        61        61        62      1.35         3
       140        69        77        70        61      1.38         3
       125        80        81        72        61      1.35         3
       150        75        79        76        59      1.37         3
       180        64        57        59        62      1.38         3
       170        74        55        68        60      1.32         2
       160        83        69        64        59      1.35         2
       160        71        52        57        62      1.25         3
       160        98        67        75        63      1.25         3
       160        64        45        61        62      1.38         3
       180        35        52        30        61      1.15         3
       125        41        48        27        60      1.21         3
       180        56        52        48        62       1.3         3
       200        56        40        57        62       1.4         3
       150        47        43        51        64      1.21         3
       130        51        51        51        62       1.4         3
       120        60        59        55        61       1.4         3
       160        74        60        59        61      1.36         3
       150        80        81        64        64      1.25         3
       150        86        84        70        64      1.28         3
       155        49        43        51        62      1.27         2
       125        53        45        49        64      1.23         2
       120        53        59        57        64      1.25         3
       120        80        77        63        65      1.25         2
       160        60        43        57        61      1.36         3
       150        53        45        53        62      1.35         3
       130        60        49        55        63      1.25         2
       130        69        51        59        65      1.28         2
       200        42        41        34        63      1.35         2
       150        60        67        55        61      1.25         2
       130        58        73        57        65      1.22         2
       140        50        55        64        64      1.17         2
       190        50        40        45        63      1.45         3
       170        60        59        55        62      1.46         3
       160        50        38        59        64       1.4         2
       130        98        67        75        65      1.38         2
       140        75        63        80        62       1.3         3
       160        53        41        53        62      1.28         3
       160        53        45        49        63       1.3         3
       170        89        79        82        63      1.37         3
       110       101        88        84        62      1.35         3
       130       110        98        89        63      1.37         3
       160        65        45        64        62       1.3         3
       160        65        48        66        60      1.32         3
       140        74        60        59        62      1.27         2
       120        56        52        61        66      1.28         3
       150        49        53        46        62      1.27         3
       150        64        67        74        60      1.31         2
       150        60        39        63        60      1.38         3
       170        62        75        63        61       1.3         3
       130        66        65        67        62      1.32         3
       200        68        52        59        62      1.37         3
       140        58        49        63        64      1.34         3
       160        75        78        68        61      1.32         3
       140        58        49        61        63      1.25         2
       125        71        49        53        62      1.38         2
       180        71        79        52        61      1.35         3
       145        56        64        59        63      1.38         2
       160        68        72        54        64      1.38         3
       190        62        51        53        62      1.15         3
       180        49        53        57        62      1.23         2
       160        49        47        49        63      1.36         3
       140        60        51        63        62       1.3         3
       180        66        55        57        62       1.3         2
       180        80        63        67        62       1.3         3
       180        58        63        63        64      1.35         3
       145        69        65        57        67       1.3         3
       140        73        57        74        64      1.28         2
       180        64        59        55        63      1.34         3
       200        60        57        46        61      1.32         3
       200        71        53        68        58      1.27         3
       140        38        40        43        64      1.35         2
       125        74        55        64        64      1.27         2
       130        71        55        70        62      1.28         3
       200        84        57        78        61      1.33         3
       145        66        39        53        62      1.27         3
       150        69        59        57        62      1.27         3
       140        68        67        75        63      1.23         3
       140       120        79        82        65      1.25         3
       140        58        45        61        63      1.12         2
       145        78        67        82        61      1.22         3
       170        66        49        51        64      1.35         3
       120        86        83        83        66      1.08         2
       120        80        77        63        63      1.12         2
       140        62        50        50        63      1.35         3
       155        58        53        61        67      1.37         3
       160        60        57        49        62       1.3         3
       140        64        69        53        62       1.3         3
       130        73        51        59        65      1.22         2
       220        75        69        57        61      1.35         3
       140        56        52        57        63      1.35         3
       140        62        47        53        63      1.23         2
       140        64        55        59        64      1.25         2
       150        69        45        59        63      1.22         2
       180        73        65        59        62      1.28         3
       150        62        69        76        63      1.25         2
       160        66        51        70        62      1.28         3
       190        84        67        75        62      1.33         3
       160        62        59        49        63       1.3         3
       200        58        51        55        62      1.28         3
       160        80        72        66        62      1.27         3
       155        58        55        57        63      1.27         2
       150        51        51        46        62      1.22         3
       210        58        55        53        63       1.3         3
       210        66        57        63        65       1.3         3
       190        97        75        71        64      1.27         3
       190        78        49        74        61       1.3         3
       135        65        79        54        63      1.37         2
       160        97        75        71        64      1.27         3
       140        69        63        65        63      1.23         2
       130        78        51        86        62      1.25         3
       160        64        57        74        62      1.25         3
       160        64        57        74        63      1.25         3
       170        66        47        72        65      1.21         3
       140        80        55        82        65      1.23         2
       170        56        60        54        62      1.28         3
       210        71        60        70        63      1.44         3
       160        62        51        51        62      1.32         3