        37        51        38        77        57        64        35        50        33        62        33        51        43         5
        46        47        50        56        50        54        52        44        42        37        48        44        42         4
        50        64        47        62        43        57        47        50        42        53        53        48        56         4
        39        66        37        66        65        59        60        40        76        48        56        53        64         7
        46        44        43        77        69        66        57        81        67        53        42        51        43         5
        48        60        49        64        57        67        64        29        64        59        60        40        65         4
        52        57        39        53        45        53        38        40        46        25        31        53        52         4
        43        54        41        71        59        70        57        53        42        69        56        55        46         4
        35        44        56        62        43        59        38        42        46        34        37        40        42         4
        50        54        38        50        48        45        59        59        49        49        40        66        40         7
        41        71        53        53        48        48        59        56        67        49        64        64        35         7
        73        37        58        56        40        59        59        59        42        37        33        54        31         4
        35        92        34        69        53        67        67        40        72        61        83        76        62         6
        35        54        37        64        51        63        55        42        46        48        40        63        59         4
        48        66        37        49        53        57        57        42        48        36        42        53        56         7
        43        66        37        53        59        55        57        42        58        42        43        60        55         7
        43        60        39        58        49        55        60        34        48        50        55        66        53         4
        43        44        41        49        41        46        69        55        52        32        35        58        40         7
        39        60        49        58        53        40        52        73        48        46        51        42        65         1
        65        51        53        51        41        57        55        47        40        34        38        42        44         4
        52        57        44        53        65        55        50        34        70        50        53        47        62         6
        48        41        44        51        51        48        67        50        58        40        70        53        44         6
        46        58        38        86        76        80        59        78        46        79        42        56        50         5
        57        54        65        69        71        48        72        40        38        44        43        47        65         3
        46        71        32        86        96        84        64        75        49        58        60        41        76         3
        52        54        49        64        45        70        60        45        46        48        51        42        50         4
        48        57        41        47        39        46        43        60        40        34        51        68        39         4
        52        38        65        49        51        49        50        40        46        38        49        29        52         7
        65        38        46        58        59        63        36        40        48        50        49        42        58         7
        57        44        49        40        47        48        57        50        42        27        29        45        40         7
        61        35        63        42        47        40        52        53        38        34        42        55        48         7
        39        60        34        51        45        55        43        45        60        32        43        60        66         4
        59        47        43        56        50        57        47        59        31        26        29        36        42         4
        57        44        49        40        47        48        57        50        42        27        29        45        40         7
        48        44        41        47        49        49        40        34        46        44        40        55        58         7
        37        85        27        56        62        52        66        59        56        62        46        58        60         2
        59        74        17        44        38        50        58        84        76        34        26        66        45         4
        35        66        37        64        49        55        40        34        64        48        55        58        48         4
        57        44        49        40        47        48        57        50        42        27        29        45        40         7
        52        66        39        69        57        63        55        40        62        58        51        47        74         4
        46        68        32        50        48        57        57        75        56        43        64        64        52         7
        39        75        44        62        55        57        62        50        54        46        53        42        53         4
        41        71        35        42        52        43        57        41        67        58        51        46        67         3
        46        58        40        44        55        38        59        44        53        39        53        54        64         3
        39        41        37        58        33        48        50        55        46        36        35        68        44         4
        39        57        41        58        53        53        50        53        48        34        40        55        47         7
        37        47        35        56        62        41        42        59        49        47        38        46        71         3
        48        51        41        49        45        48        43        34        52        38        33        34        57         4
        41        85        27        50        45        43        47        59        46        53        44        58        50         7
        48        66        37        47        35        63        50        45        48        38        33        50        44         4
        48        92        37        69        61        65        88        29        78        55        66        71        56         4
        47        71        32        56        57        54        54        69        64        45        51        48        53         7
        32        61        38        77        76        70        74        93        67        62        60        54        52         5
        48        79        34        60        61        55        72        40        84        50        53        55        56         7
        68        61        58        86        67        84        83        69        76        53        64        61        43         4
        41        54        27        32        62        38        38        66        49        28        40        46        76         3
        43        51        49        66        65        74        57        42        52        44        53        42        57         4
        48        51        58        58        45        49        50        50        42        36        43        66        52         7
        50        64        47        62        43        57        47        50        42        53        53        48        56         4
        52        57        39        53        45        53        38        40        46        25        31        53        52         4
        57        60        46        62        45        51        40        42        42        34        33        55        43         7
        37        44        45        50        52        48        57        56        53        39        42        54        50         7
        52        48        44        71        59        72        50        34        46        36        37        50        55         4
        48       102        29        71        61        65        67        42        70        65        66        55        57         4
        57        48        37        42        39        38        43        45        60        48        42        42        48         6
        48        57        46        73        49        65        67        40        70        46        49        60        55         4
        48        57        44        53        47        49        57        34        70        50        53        58        56         6
        43        72        32        60        43        40        62        45        66        61        62        68        55         1
        43        38        46        64        49        59        52        50        58        55        55        34        56         4
        31        79        39        69        59        59        60        66        64        63        77        47        57         1
        57        54        53        62        43        57        72        53        82        48        58        40        60         4
        43        54        51        66        41        57        50        34        52        61        43        45        57         1
        52        48        44        75        45        70        45        50        42        42        37        53        55         4
        52        48        44        75        45        70        45        50        42        42        37        53        55         5
        46        40        45        68        36        48        52        31        53        30        46        53        45         4
        48        38        61        44        45        53        57        63        37        29        38        50        42         7
        57        75        27        64        47        61        45        50        64        25        40        66        39         4
        57        75        27        64        47        61        45        50        64        25        40        66        39         4
        52        98        41        80        57        65        64        40        76        40        89        76        61         4
        32        68        50        89        64        70        66        59        89        72        88        44        76         5
        41        68        38        77        69        76        54        72        64        74        55        46        76         5
        32        71        45        80        72        57        69        53        85        70        79        56        79         5
        50        30        66        53        40        57        54        47        56        39        46        41        43         4
        41        58        30        53        43        34        57        59        60        41        22        41        50         4
        46        54        27        56        45        38        30        47        33        34        35        38        74         1
        37        44        45        50        52        48        57        56        53        39        42        54        57         7
        48        60        34        62        51        61        50        47        48        48        42        55        51         4
        43        51        53        66        45        40        48        50        54        38        40        45        52         1
        39        57        46        75        55        63        55        45        58        44        49        66        60         4
        57        75        53        62        51        68        52        34        48        32        47        47        57         4
        48        86        39        66        39        53        74        34        76        42        62        68        50         4
        59        47        64       113        60        58        66        59        60        64        84        56        57         5
        50        54        45        65        40        43        62        78        49        34        46        54        53         1
        41        44        35        56        45        52        66        62        56        45        40        51        56         4
        41        64        35        50        57        48        50        72        49        68        82        34        73         3
        50        58        30        62        55        48        57        59        56        32        38        58        54         1
        46        64        30        44        36        38        50        53        71        45        42        68        48         7
        52        57        41        66        51        67        48        45        54        46        45        53        50         4
        43        48        44        58        55        46        48        40        64        53        37        45        53         7
        59        47        43        44        43        41        42        66        35        30        42        31        52         7
        52        66        39        69        57        63        55        40        62        58        51        47        74         4
        46        81        45        80        69        82        69        90       100        66        51        66        49         5
        57        54        49        51        47        57        38        40        42        40        42        50        53         4
        52        66        39        69        57        63        55        40        62        58        51        47        74         4
        41        44        35        56        45        52        66        62        56        45        40        51        56         4
        35        44        37        53        25        44        43        71        40        32        49        60        46         4
        59        54        38        44        38        38        21        69        46        28        33        44        62         7
        57        54        53        62        57        57        60        50        52        65        49        50        65         1
        43        54        37        58        55        44        55        42        48        46        37        37        60         1
        52        44        53        73        59        67        57        32        66        53        45        55        46         4
        59        47        32        71        62        59        54        66        56        47        31        46        60         5
        37        54        32        68        52        57        59        62        64        41        38        61        50         7
        50        78        35        56        40        54        52        72        64        49        53        64        45         4
        68        71        38        56        57        48        69        62        67        51        57        54        58         7
        43        75        34        73        65        68        50        32        66        58        72        58        56         5
        39       100        39        51        43        49        76        36        78        67        87        73        57         4
        35        60        37        73        59        67        52        40        52        65        45        58        60         5
        48        79        37        58        65        41        67        34        78        58        68        47        56         3
        43        54        34        71        61        61        69        50        72        61        56        53        51         5
        57        63        53        69        77        70        81        34        62        76        68        53        55         2
        48        66        41        80        81        72        62        27        66        53        72        53        61         5
        43        66        44        75        79        76        57        27        52        61        66        55        59         3
        31        85        37        64        57        59        67        32        64        50        51        66        56         4
        46        54        45        74        55        68        69        56        42        34        42        51        62         4
        68        64        50        83        69        64        71        53        49        62        62        51        54         5
        68        37        45        71        52        57        42        84        46        32        40        44        40         5
        82        54        47        98        67        75        40        72        56        49        51        38        45         5
        55        44        44        64        45        61        52        47        52        23        37        29        47         4
        46        47        40        35        52        30        62        44        71        47        42        44        54         3
        64        47        43        41        48        27        47        50        46        34        29        36        57         3
        50        74        24        56        52        48        54        75        53        43        55        64        63         7
        59        47        35        56        40        57        45        87        49        39        31        51        49         4
        43        57        37        47        43        51        50        58        58        40        56        53        51         4
        57        60        53        51        51        51        50        38        64        46        43        55        50         6
        61        60        58        60        59        55        55        45        46        53        53        53        51         7
        37        44        53        74        60        59        59        47        64        51        44        44        60         5
        41        58        50        80        81        64        64        59        33        49        55        41        64         5
        55        71        40        86        84        70        57         5        64        53        57        48        66         5
        48        54        46        49        43        51        52        47        54        34        40        66        39         4
        48        44        51        53        45        49        45        42        48        36        37        60        50         4
        52        51        51        53        59        57        60        42        64        40        47        60        40         6
        43        75        34        80        77        63        76        60        82        61        74        58        57         5
        69        44        58        60        43        57        48        34        52        40        35        37        38         4
        69        41        63        53        45        53        45        40        48        34        38        50        44         4
        35        60        44        60        49        55        52        42        46        59        43        58        70         1
        48        63        49        69        51        59        50        40        46        53        51        55        66         1
        43        60        44        42        41        34        48        53        58        44        38        55        51         7
        39        90        41        60        67        55        79        50        76        80        74        66        61         2
        43        60        44        58        73        57        86        55        58        40        56        50        62         3
        68        85        32        50        55        64        52        56        60        60        70        46        62         6
        64        61        38        50        40        45        45        47        42        28        31        34        46         6
        61        60        58        60        59        55        55        45        46        53        53        53        51         7
        50        44        38        50        38        59        54        56        49        30        29        58        38         4
        82        54        47        98        67        75        40        72        56        49        51        38        45         5
        52        54        51        75        63        80        79        27        72        61        58        45        53         4
        52        44        51        53        41        53        55        50        42        44        37        50        42         4
        48        44        51        53        45        49        45        42        48        36        37        60        50         4
        50        64        40        89        79        82        71        41        67        79        57        41        71         5
        41        71        47       101        88        84        76        41        71        74        95        58        74         5
        55        64        50       110        98        89        76        59        78        79        97        54        73         5
        50        68        38        65        45        64        66        66        56        51        64        64        62         4
        46        68        27        65        48        66        52        78        53        43        46        64        54         4
        41        61        32        74        60        59        59        66        64        56        57        56        67         5
        59        71        53        56        52        61        62        69        56        41        44        61        62         4
        39        57        44        49        53        46        52        63        54        32        40        66        70         6
        35        41        53        64        67        74        62        53        48        50        42        40        53         7
        52        38        53        60        39        63        45        55        38        40        40        53        38         4
        52        79        32        62        75        63        69        42        46        65        74        45        72         3
        43        63        37        66        65        67        74        45        52        59        49        58        51         1
        50        47        43        68        52        59        64        56        76        39        53        48        45         4
        57        54        56        58        49        63        50        53        38        29        37        47        43         4
        43        51        53        75        78        68        57        42        48        42        45        60        47         3
        48        60        34        58        49        61        43        55        52        46        43        63        42         4
        31        85        37        71        49        53        55        37        66        50        58        66        62         5
        50        74        38        71        79        52        64        59        60        81        79        61        76         2
        41        78        32        56        64        59        69        72        96        51        57        64        52         3
        37        78        30        68        72        54        74        62        82        66         7        61        52         3
        48        75        32        62        51        53        60        27        54        44        51        58        51         4
        48        57        58        49        53        57        67        37        40        38        40        50        46         7
        65        51        46        49        47        49        43        40        46        36        37        50        43         6
        52        48        70        60        51        63        55        32        66        55        56        53        43         4
        48        63        44        66        55        57        57        50        48        61        58        63        50         1
        39        82        46        80        63        67        55        45        52        61        62        71        61         4
        43        92        37        58        63        63        74        55        64        50        66        71        53         3
        52       102        39        69        65        57        67        76        58        48        72        71        51         1
        48        75        61        73        57        74        62        37        58        58        64        53        51         4
        39        87        39        64        59        55        69        50        72        58        55        66        56         4
        39        66        46        60        57        46        50        40        42        46        51        42        65         1
        31        75        44        71        53        68        57        40        52        46        68        53        58         4
        46        54        32        38        40        43        57        75        53        43        48        78        36         7
        31        92        32        84        77        65        74        50        64        58        81        55        56         5
        46        74        32        74        55        64        58        62        64        37        55        68        53         5
        43       100        29        56        58        63        76        45        88        61        94        81        61         6
        46        54        32        38        40        43        57        75        53        43        48        78        36         7
        31        92        32        84        77        65        74        50        64        58        81        55        56         5
        52        54        39        47        45        53        43        47        54        25        37        47        47         7
        48        63        39        71        55        70        57        40        90        34        64        58        52         4
        57        63        49        84        57        78        62        55        48        53        49        60        55         5
        48        35        53        66        39        53        43        45        46        36        47        50        58         1
        43        54        34        69        59        57        43        58        46        29        38        53        52         1
        61       105        53        69        65        82        72        63        76        58        96        50        52         7
        43        75        27        60        67        55        62        42        52        27        40        68        65         3
        43        75        27        60        67        55        62        42        52        27        40        68        65         3
        41        78        32        68        67        75        69        59        85        58        84        58        57         6
        37        84        30       120        79        82        86        50        85        63        95        76        76         5
        52       114        51        58        45        61        60        63        76        55        87        73        46         4
        39        66        53        78        67        82        69        42        64        55        77        60        62         4
        48        79        37        53        59        59        84        32        70        48        58        66        46         6
        43        57        56        66        49        51        60        34        64        48        64        55        53         1
        43        63        46        86        83        83        62        42        66        65        64        37        73         5
        43        75        34        80        77        63        76        60        82        61        74        58        57         5
        50        90        45        62        50        50        78        56        82        49        84        64        54         7
        41        61        17        53        43        52        40        47        60        43        62        58        68         7
        69        48        70        58        53        61        52        40        52        46        45        55        39         4
        35        66        34        60        57        49        72        60        72        58        66        60        47         1
        61        75        49        64        69        53        55        42        62        50        62        40        76         3
        35        66        37        73        51        59        76        55        76        58        76        71        59         4
        35        57        56        75        69        57        74        45        58        53        49        50        61         5
        55        71        45        56        52        57        59        69        49        32        35        66        48         7
        35        60        53        62        47        53        57        53        64        58        55        63        51         4
        39        66        34        64        55        59        69        53        66        55        83        84        52         4
        61        44        53        69        45        59        36        55        46        36        51        50        47         4
        39        72        41        73        65        59        48        38        60        53        74        50        65         5
        61        60        53        62        69        76        40        38        54        55        68        60        55         6
        43        57        46        66        51        70        52        42        76        53        53        63        56         4
        82        57        68        84        67        75        64        42        46        50        68        45        61         4
        39        66        41        62        59        49        60        45        54        44        49        50        60         6
        41        51        58        42        40        45        62        59        46        41        40        56        52         7
        39        75        39        88        69        67        55        36        60        46        72        58        72         3
        35        54        29        60        61        48        50        40        48        25        47        42        79         3
        39        57        41        84        71        70        52        50         0        38        56        73        42         5
        37        64        14        68        81        76        62        66        60        76        84        48        68         2
        37        51        47        83        62        59        62        41        46        53        62        31        57         5
        57        48        53        58        47        53        55        45        48        38        43        55        44         4
        41        97        27        80        67        91        74        72        82        60        95        61        53         4
        61        54        53        80        59        74        43        42        38        44        60        63        44         4
        41        51        58        42        40        45        62        59        46        41        40        56        52         7
        35        75        34        64        57        74        62        45        60        55        74        40        78         4
        41        61        43        74        62        64        59        47        46        37        38        66        63         5
        55        44        40        53        81        54        40        75        53        51        40        44        73         3
        31        57        58        58        41        78        57        45        66        42        51        76        35         4
        61       105        37        58        51        55        69        50        58        36        60        66        52         4
        50        68        45        62        57        59        57        75        76        51        53        48        52         7
        37       101        32        65        81        52        69        56        89        56        77        46        77         3
        59        44        45        56        40        61        42        56        56        41        42        61        46         4
        50        74        38        71        79        52        64        59        60        81        79        61        76         2
        43        60        41        64        59        57        64        24        54        38        45        47        61         1
        61        54        53        80        51        74        43        42        38        44        60        63        44         4
        52        54        80        80        51        82        72        42        52        50        70        45        44         4
        61        41        53        69        57        57        60        42        48        50        47        84        52         1
        46        66        44        83        71        67        60        42        54        46        51        47        50         5
        50        51        50        68        50        61        38        56        41        41        44        34        54         4
        59        61        56        74        62        68        64        47        33        46        48        48        58         4
        59        81        32        53        60        61        57        90        71        43        64        66        58         7
        59        85        38        80        72        66        88        90        76        51        66        54        64         5
        43        54        37        58        55        57        74        47        42        44        60        50        74         6
        48        75        39        51        51        46        76        32        70        42        64        55        76         6
        48        66        51        58        55        53        43        34        42        23        60        45        65         6
        57        75        44        62        59        61        55        58        64        50        45        55        60         7
        39        57        41        64        65        61        40        53        46        34        42        34        70         6
        32       102        19        65        79        54        81        62        82        51        70        91        52         6
        35        72        41        66        57        63        88        47        78        50        91        76        68         4
        65        57        85        97        75        71        74        34        48        67        96        71        56         5
        57        48        53        78        49        74        55        50        42        40        45        40        51         4
        53        54        63        80        58        80        52        32        46        42        55        53        46         4
        39        66        41        78        63        70        79        35        62        59        58        58        60         4
        50        37         7        56        52        41        42        41        35        26        35        44        60         7
        32       102        19        65        79        54        81        62        82        51        70        91        52         6
        35        48        41        44        37        44        40        47        46        25        35        47        46         7
        35        38        39        51        45        46        48        66        58        21        27        45        55         7
        43        66        46        62        67        78        52        40        52        44       115        45        72         6
        61        63        53        78        77        76        60        27        52        61        70        66        55         5
        39        57        41        64        65        61        40        53        46        34        42        34        70         6
        65        57        85        97        75        71        74        34        48        67        96        71        56         5
        41        51        58        42        40        45        62        59        46        41        40        56        52         7
        35        57        49        69        63        65        60        38        58        55        43        50        65         1
        35        66        53        78        51        86        45        38        54        53        60        45        65         4
        35        75        34        64        57        74        62        45        60        55        74        40        78         4
        35        75        34        64        57        74        62        45        60        55        74        40        78         4
        52        66        56        66        47        72        60        63        40        42        45        40        52         4
        69        57        58        80        55        82        55        53        42        29        40        47        56         4
        41        58        45        56        60        54        62        66        56        51        55        41        68         6
        64        54        64        71        60        70        47        50        42        45        51        46        38         4
        43        63        51        62        51        51        52        38        66        61        70        66        61         1