       140       100        80        64      1.28         2
       140        90        76        65      1.44         2
       170       100        80        62      1.33         3
       150        90        80        61      1.24         3
       230       120        66        61      1.38         3
       150        90        80        62      1.25         2
       210       120        76        62      1.34         3
       140        90        76        61       1.3         2
       140        90        82        61      1.25         2
       130        90        60        62      1.23         3
       180        80        80        61      1.28         3
       140        80        70        62      1.25         3
       140        90        70        63      1.23         2
       120        80        68        64      1.05         2
       140        90        78        62      1.21         2
       160        90        68        61       1.3         3
       160        90        80        62      1.37         3
       140        90        72        63      1.23         2
       130        80        70        64      1.18         2
       130        90        68        62      1.25         2
       140        90        86        61      1.27         2
       140        80        70        64      1.07         2
       130        90        68        62      1.25         2
       130        90        68        62      1.15         3
       140        90        68        62      1.23         2
       140        90        82        63      1.23         2
       140        90        70        61      1.25         2
       140        90        70        61      1.23         2
       140       100        70        62      1.28         3
       140       100        76        62      1.32         3
       140        90        68        63       1.3         3
       140        80        70        62      1.23         3
       125        80        68        63      1.23         3
       120        80        64        62      1.26         3
       150       110        68        60      1.27         2
       140        90        68        63      1.25         2
       125        80        80        64      1.27         2
       180       100        68        61      1.33         3
       160       100        86        65      1.28         3
       170       100        80        62      1.28         3
       180       100       100        62       1.3         3
       170       110        70        62      1.25         3
       140        80        60        62      1.38         3
       170       110        68        62      1.52         3
       160        90        90        61      1.38         3
       160        90        75        60      1.36         3
       150        90        68        63      1.34         3
       120        80        70        62      1.23         3
       190       100        80        62       1.3         3
       140        90        80        63       1.3         3
       140        90        70        62      1.35         3
       140        90        70        61      1.38         3
       125        80        60        61      1.35         3
       150       100        74        59      1.37         3
       180       120        76        62      1.38         3
       170       100        78        60      1.32         2
       160        90        72        59      1.35         2
       160       110        68        62      1.25         3
       160       100        57        63      1.25         3
       160       100        70        62      1.38         3
       180       110        70        61      1.15         3
       125        80        68        60      1.21         3
       180        90        82        62       1.3         3
       200       110        78        62       1.4         3
       150        90        68        64      1.21         3
       130        90        68        62       1.4         3
       120        80        68        61       1.4         3
       160        90        68        61      1.36         3
       150        90        60        64      1.25         3
       150        90        60        64      1.28         3
       155        80        74        62      1.27         2
       125        80        62        64      1.23         2
       120        80        62        64      1.25         3
       120        80        75        65      1.25         2
       160       100        72        61      1.36         3
       150        80        86        62      1.35         3
       130        90        70        63      1.25         2
       130        70        80        65      1.28         2
       200       110        80        63      1.35         2
       150        90        72        61      1.25         2
       130        90        58        65      1.22         2
       140        90        70        64      1.17         2
       190       120        56        63      1.45         3
       170       110        52        62      1.46         3
       160       100        72        64       1.4         2
       130        80        68        65      1.38         2
       140        80        75        62       1.3         3
       160       100        60        62      1.28         3
       160       100        55        63       1.3         3
       170       100        80        63      1.37         3
       110        80        80        62      1.35         3
       130        80        64        63      1.37         3
       160       110        80        62       1.3         3
       160       110        80        60      1.32         3
       140        90        77        62      1.27         2
       120        80        80        66      1.28         3
       150        80        72        62      1.27         3
       150        70        96        60      1.31         2
       150        90        66        60      1.38         3
       170        90        70        61       1.3         3
       130        80        68        62      1.32         3
       200       100        80        62      1.37         3
       140        80        68        64      1.34         3
       160       100        66        61      1.32         3
       140        90        72        63      1.25         2
       125        80        72        62      1.38         2
       180       110        90        61      1.35         3
       145        80        70        63      1.38         2
       160       100        60        64      1.38         3
       190        80        70        62      1.15         3
       180       100        60        62      1.23         2
       160       100        68        63      1.36         3
       140        90        68        62       1.3         3
       180       100        78        62       1.3         2
       180       100        68        62       1.3         3
       180       100        78        64      1.35         3
       145        90        68        67       1.3         3
       140       110        80        64      1.28         2
       180       100        68        63      1.34         3
       200       100        90        61      1.32         3
       200       100       100        58      1.27         3
       140        80        80        64      1.35         2
       125        80        68        64      1.27         2
       130        90        66        62      1.28         3
       200       120        70        61      1.33         3
       145       100        60        62      1.27         3
       150       100        68        62      1.27         3
       140        90        66        63      1.23         3
       140        90        66        65      1.25         3
       140        90        72        63      1.12         2
       145        95        84        61      1.22         3
       170        90        68        64      1.35         3
       120        80        80        66      1.08         2
       120        80        68        63      1.12         2
       140        90        78        63      1.35         3
       155       115        68        67      1.37         3
       160       100        70        62       1.3         3
       140        90        76        62       1.3         3
       130        90        76        65      1.22         2
       220       120        68        61      1.35         3
       140       100        68        63      1.35         3
       140       100        60        63      1.23         2
       140       100        80        64      1.25         2
       150        90        80        63      1.22         2
       180       100        90        62      1.28         3
       150       100        80        63      1.25         2
       160       100        72        62      1.28         3
       190       110        80        62      1.33         3
       160       110        78        63       1.3         3
       200       100        70        62      1.28         3
       160       100        90        62      1.27         3
       155       105        62        63      1.27         2
       150        80        70        62      1.22         3
       210       110        68        63       1.3         3
       210       110        68        65       1.3         3
       190        90        88        64      1.27         3
       190        90        76        61       1.3         3
       135        90        80        63      1.37         2
       160       100        68        64      1.27         3
       140        90        68        63      1.23         2
       130        90        70        62      1.25         3
       160       100        60        62      1.25         3
       160       100        60        63      1.25         3
       170        90        60        65      1.21         3
       140        90        60        65      1.23         2
       170       110        80        62      1.28         3
       210       120        76        63      1.44         3
       160       100        55        62      1.32         3