       140       100        64      1.28         2
       140        90        65      1.44         2
       170       100        62      1.33         3
       150        90        61      1.24         3
       230       120        61      1.38         3
       150        90        62      1.25         2
       210       120        62      1.34         3
       140        90        61       1.3         2
       140        90        61      1.25         2
       130        90        62      1.23         3
       180        80        61      1.28         3
       140        80        62      1.25         3
       140        90        63      1.23         2
       120        80        64      1.05         2
       140        90        62      1.21         2
       160        90        61       1.3         3
       160        90        62      1.37         3
       140        90        63      1.23         2
       130        80        64      1.18         2
       130        90        62      1.25         2
       140        90        61      1.27         2
       140        80        64      1.07         2
       130        90        62      1.25         2
       130        90        62      1.15         3
       140        90        62      1.23         2
       140        90        63      1.23         2
       140        90        61      1.25         2
       140        90        61      1.23         2
       140       100        62      1.28         3
       140       100        62      1.32         3
       140        90        63       1.3         3
       140        80        62      1.23         3
       125        80        63      1.23         3
       120        80        62      1.26         3
       150       110        60      1.27         2
       140        90        63      1.25         2
       125        80        64      1.27         2
       180       100        61      1.33         3
       160       100        65      1.28         3
       170       100        62      1.28         3
       180       100        62       1.3         3
       170       110        62      1.25         3
       140        80        62      1.38         3
       170       110        62      1.52         3
       160        90        61      1.38         3
       160        90        60      1.36         3
       150        90        63      1.34         3
       120        80        62      1.23         3
       190       100        62       1.3         3
       140        90        63       1.3         3
       140        90        62      1.35         3
       140        90        61      1.38         3
       125        80        61      1.35         3
       150       100        59      1.37         3
       180       120        62      1.38         3
       170       100        60      1.32         2
       160        90        59      1.35         2
       160       110        62      1.25         3
       160       100        63      1.25         3
       160       100        62      1.38         3
       180       110        61      1.15         3
       125        80        60      1.21         3
       180        90        62       1.3         3
       200       110        62       1.4         3
       150        90        64      1.21         3
       130        90        62       1.4         3
       120        80        61       1.4         3
       160        90        61      1.36         3
       150        90        64      1.25         3
       150        90        64      1.28         3
       155        80        62      1.27         2
       125        80        64      1.23         2
       120        80        64      1.25         3
       120        80        65      1.25         2
       160       100        61      1.36         3
       150        80        62      1.35         3
       130        90        63      1.25         2
       130        70        65      1.28         2
       200       110        63      1.35         2
       150        90        61      1.25         2
       130        90        65      1.22         2
       140        90        64      1.17         2
       190       120        63      1.45         3
       170       110        62      1.46         3
       160       100        64       1.4         2
       130        80        65      1.38         2
       140        80        62       1.3         3
       160       100        62      1.28         3
       160       100        63       1.3         3
       170       100        63      1.37         3
       110        80        62      1.35         3
       130        80        63      1.37         3
       160       110        62       1.3         3
       160       110        60      1.32         3
       140        90        62      1.27         2
       120        80        66      1.28         3
       150        80        62      1.27         3
       150        70        60      1.31         2
       150        90        60      1.38         3
       170        90        61       1.3         3
       130        80        62      1.32         3
       200       100        62      1.37         3
       140        80        64      1.34         3
       160       100        61      1.32         3
       140        90        63      1.25         2
       125        80        62      1.38         2
       180       110        61      1.35         3
       145        80        63      1.38         2
       160       100        64      1.38         3
       190        80        62      1.15         3
       180       100        62      1.23         2
       160       100        63      1.36         3
       140        90        62       1.3         3
       180       100        62       1.3         2
       180       100        62       1.3         3
       180       100        64      1.35         3
       145        90        67       1.3         3
       140       110        64      1.28         2
       180       100        63      1.34         3
       200       100        61      1.32         3
       200       100        58      1.27         3
       140        80        64      1.35         2
       125        80        64      1.27         2
       130        90        62      1.28         3
       200       120        61      1.33         3
       145       100        62      1.27         3
       150       100        62      1.27         3
       140        90        63      1.23         3
       140        90        65      1.25         3
       140        90        63      1.12         2
       145        95        61      1.22         3
       170        90        64      1.35         3
       120        80        66      1.08         2
       120        80        63      1.12         2
       140        90        63      1.35         3
       155       115        67      1.37         3
       160       100        62       1.3         3
       140        90        62       1.3         3
       130        90        65      1.22         2
       220       120        61      1.35         3
       140       100        63      1.35         3
       140       100        63      1.23         2
       140       100        64      1.25         2
       150        90        63      1.22         2
       180       100        62      1.28         3
       150       100        63      1.25         2
       160       100        62      1.28         3
       190       110        62      1.33         3
       160       110        63       1.3         3
       200       100        62      1.28         3
       160       100        62      1.27         3
       155       105        63      1.27         2
       150        80        62      1.22         3
       210       110        63       1.3         3
       210       110        65       1.3         3
       190        90        64      1.27         3
       190        90        61       1.3         3
       135        90        63      1.37         2
       160       100        64      1.27         3
       140        90        63      1.23         2
       130        90        62      1.25         3
       160       100        62      1.25         3
       160       100        63      1.25         3
       170        90        65      1.21         3
       140        90        65      1.23         2
       170       110        62      1.28         3
       210       120        63      1.44         3
       160       100        62      1.32         3