       140        64      1.28         2
       140        65      1.44         2
       170        62      1.33         3
       150        61      1.24         3
       230        61      1.38         3
       150        62      1.25         2
       210        62      1.34         3
       140        61       1.3         2
       140        61      1.25         2
       130        62      1.23         3
       180        61      1.28         3
       140        62      1.25         3
       140        63      1.23         2
       120        64      1.05         2
       140        62      1.21         2
       160        61       1.3         3
       160        62      1.37         3
       140        63      1.23         2
       130        64      1.18         2
       130        62      1.25         2
       140        61      1.27         2
       140        64      1.07         2
       130        62      1.25         2
       130        62      1.15         3
       140        62      1.23         2
       140        63      1.23         2
       140        61      1.25         2
       140        61      1.23         2
       140        62      1.28         3
       140        62      1.32         3
       140        63       1.3         3
       140        62      1.23         3
       125        63      1.23         3
       120        62      1.26         3
       150        60      1.27         2
       140        63      1.25         2
       125        64      1.27         2
       180        61      1.33         3
       160        65      1.28         3
       170        62      1.28         3
       180        62       1.3         3
       170        62      1.25         3
       140        62      1.38         3
       170        62      1.52         3
       160        61      1.38         3
       160        60      1.36         3
       150        63      1.34         3
       120        62      1.23         3
       190        62       1.3         3
       140        63       1.3         3
       140        62      1.35         3
       140        61      1.38         3
       125        61      1.35         3
       150        59      1.37         3
       180        62      1.38         3
       170        60      1.32         2
       160        59      1.35         2
       160        62      1.25         3
       160        63      1.25         3
       160        62      1.38         3
       180        61      1.15         3
       125        60      1.21         3
       180        62       1.3         3
       200        62       1.4         3
       150        64      1.21         3
       130        62       1.4         3
       120        61       1.4         3
       160        61      1.36         3
       150        64      1.25         3
       150        64      1.28         3
       155        62      1.27         2
       125        64      1.23         2
       120        64      1.25         3
       120        65      1.25         2
       160        61      1.36         3
       150        62      1.35         3
       130        63      1.25         2
       130        65      1.28         2
       200        63      1.35         2
       150        61      1.25         2
       130        65      1.22         2
       140        64      1.17         2
       190        63      1.45         3
       170        62      1.46         3
       160        64       1.4         2
       130        65      1.38         2
       140        62       1.3         3
       160        62      1.28         3
       160        63       1.3         3
       170        63      1.37         3
       110        62      1.35         3
       130        63      1.37         3
       160        62       1.3         3
       160        60      1.32         3
       140        62      1.27         2
       120        66      1.28         3
       150        62      1.27         3
       150        60      1.31         2
       150        60      1.38         3
       170        61       1.3         3
       130        62      1.32         3
       200        62      1.37         3
       140        64      1.34         3
       160        61      1.32         3
       140        63      1.25         2
       125        62      1.38         2
       180        61      1.35         3
       145        63      1.38         2
       160        64      1.38         3
       190        62      1.15         3
       180        62      1.23         2
       160        63      1.36         3
       140        62       1.3         3
       180        62       1.3         2
       180        62       1.3         3
       180        64      1.35         3
       145        67       1.3         3
       140        64      1.28         2
       180        63      1.34         3
       200        61      1.32         3
       200        58      1.27         3
       140        64      1.35         2
       125        64      1.27         2
       130        62      1.28         3
       200        61      1.33         3
       145        62      1.27         3
       150        62      1.27         3
       140        63      1.23         3
       140        65      1.25         3
       140        63      1.12         2
       145        61      1.22         3
       170        64      1.35         3
       120        66      1.08         2
       120        63      1.12         2
       140        63      1.35         3
       155        67      1.37         3
       160        62       1.3         3
       140        62       1.3         3
       130        65      1.22         2
       220        61      1.35         3
       140        63      1.35         3
       140        63      1.23         2
       140        64      1.25         2
       150        63      1.22         2
       180        62      1.28         3
       150        63      1.25         2
       160        62      1.28         3
       190        62      1.33         3
       160        63       1.3         3
       200        62      1.28         3
       160        62      1.27         3
       155        63      1.27         2
       150        62      1.22         3
       210        63       1.3         3
       210        65       1.3         3
       190        64      1.27         3
       190        61       1.3         3
       135        63      1.37         2
       160        64      1.27         3
       140        63      1.23         2
       130        62      1.25         3
       160        62      1.25         3
       160        63      1.25         3
       170        65      1.21         3
       140        65      1.23         2
       170        62      1.28         3
       210        63      1.44         3
       160        62      1.32         3