       100        64      1.28         2
        90        65      1.44         2
       100        62      1.33         3
        90        61      1.24         3
       120        61      1.38         3
        90        62      1.25         2
       120        62      1.34         3
        90        61       1.3         2
        90        61      1.25         2
        90        62      1.23         3
        80        61      1.28         3
        80        62      1.25         3
        90        63      1.23         2
        80        64      1.05         2
        90        62      1.21         2
        90        61       1.3         3
        90        62      1.37         3
        90        63      1.23         2
        80        64      1.18         2
        90        62      1.25         2
        90        61      1.27         2
        80        64      1.07         2
        90        62      1.25         2
        90        62      1.15         3
        90        62      1.23         2
        90        63      1.23         2
        90        61      1.25         2
        90        61      1.23         2
       100        62      1.28         3
       100        62      1.32         3
        90        63       1.3         3
        80        62      1.23         3
        80        63      1.23         3
        80        62      1.26         3
       110        60      1.27         2
        90        63      1.25         2
        80        64      1.27         2
       100        61      1.33         3
       100        65      1.28         3
       100        62      1.28         3
       100        62       1.3         3
       110        62      1.25         3
        80        62      1.38         3
       110        62      1.52         3
        90        61      1.38         3
        90        60      1.36         3
        90        63      1.34         3
        80        62      1.23         3
       100        62       1.3         3
        90        63       1.3         3
        90        62      1.35         3
        90        61      1.38         3
        80        61      1.35         3
       100        59      1.37         3
       120        62      1.38         3
       100        60      1.32         2
        90        59      1.35         2
       110        62      1.25         3
       100        63      1.25         3
       100        62      1.38         3
       110        61      1.15         3
        80        60      1.21         3
        90        62       1.3         3
       110        62       1.4         3
        90        64      1.21         3
        90        62       1.4         3
        80        61       1.4         3
        90        61      1.36         3
        90        64      1.25         3
        90        64      1.28         3
        80        62      1.27         2
        80        64      1.23         2
        80        64      1.25         3
        80        65      1.25         2
       100        61      1.36         3
        80        62      1.35         3
        90        63      1.25         2
        70        65      1.28         2
       110        63      1.35         2
        90        61      1.25         2
        90        65      1.22         2
        90        64      1.17         2
       120        63      1.45         3
       110        62      1.46         3
       100        64       1.4         2
        80        65      1.38         2
        80        62       1.3         3
       100        62      1.28         3
       100        63       1.3         3
       100        63      1.37         3
        80        62      1.35         3
        80        63      1.37         3
       110        62       1.3         3
       110        60      1.32         3
        90        62      1.27         2
        80        66      1.28         3
        80        62      1.27         3
        70        60      1.31         2
        90        60      1.38         3
        90        61       1.3         3
        80        62      1.32         3
       100        62      1.37         3
        80        64      1.34         3
       100        61      1.32         3
        90        63      1.25         2
        80        62      1.38         2
       110        61      1.35         3
        80        63      1.38         2
       100        64      1.38         3
        80        62      1.15         3
       100        62      1.23         2
       100        63      1.36         3
        90        62       1.3         3
       100        62       1.3         2
       100        62       1.3         3
       100        64      1.35         3
        90        67       1.3         3
       110        64      1.28         2
       100        63      1.34         3
       100        61      1.32         3
       100        58      1.27         3
        80        64      1.35         2
        80        64      1.27         2
        90        62      1.28         3
       120        61      1.33         3
       100        62      1.27         3
       100        62      1.27         3
        90        63      1.23         3
        90        65      1.25         3
        90        63      1.12         2
        95        61      1.22         3
        90        64      1.35         3
        80        66      1.08         2
        80        63      1.12         2
        90        63      1.35         3
       115        67      1.37         3
       100        62       1.3         3
        90        62       1.3         3
        90        65      1.22         2
       120        61      1.35         3
       100        63      1.35         3
       100        63      1.23         2
       100        64      1.25         2
        90        63      1.22         2
       100        62      1.28         3
       100        63      1.25         2
       100        62      1.28         3
       110        62      1.33         3
       110        63       1.3         3
       100        62      1.28         3
       100        62      1.27         3
       105        63      1.27         2
        80        62      1.22         3
       110        63       1.3         3
       110        65       1.3         3
        90        64      1.27         3
        90        61       1.3         3
        90        63      1.37         2
       100        64      1.27         3
        90        63      1.23         2
        90        62      1.25         3
       100        62      1.25         3
       100        63      1.25         3
        90        65      1.21         3
        90        65      1.23         2
       110        62      1.28         3
       120        63      1.44         3
       100        62      1.32         3